50494
99346
55125
5306
33936
67013
63691
53075
39755
62468
46930
76465
28631
66150
18254
36941
18316
99064
12429
81050
32834
69804
92428
78892
19262
40651
12945
95660
9665
89651
43279
61884
73375
13199
46372
56907
41444
80070
83941
26801
72420
62522
58024
68334
34143
8163
71919
1840
12225
94333
52274
93094
87576
81954
149
80202
64694
43664
31969
95719
42625
92227
8255
25043
74384
29059
31275
18677
71170
58716
11955
10544
41950
66576
64131
14294
39511
72255
38153
92610
16359
71754
43614
70816
26634
79060
71726
77020
37703
58325
12010
78156
50449
41555
75451
31733
38054
24100
24823
24475
4321
80317
86069
34086
62459
9055
11773
88961
99300
17068
19601
5064
10518
91661
70857
89587
51287
92442
68756
36127
68392
30867
28206
89060
77306
54974
75981
36072
59056
64573
86539
84042
91779
46840
10796
42509
80318
15119
63759
76949
82594
43944
24953
31855
2124
95877
35525
15353
92449
28896
48766
22345
43586
55853
8151
13186
19183
91445
28675
5928
75217
83126
70018
78927
89206
9698
3499
16311
83230
24709
79473
75491
15688
51276
11997
48514
15210
4769
79364
2835
25505
24244
94124
16239
62814
27600
95309
8006
89043
2986
71334
55786
81343
13303
34068
9175
28944
9433
84793
39460
45913
57156
23634
8000
66012
61227
5161
78182
13227
51285
26129
34096
46996
95892
61632
74680
22206
91448
88164
26661
7608
88631
20736
21227
44867
69399
32858
15363
78222
57974
87242
22913
1730
61816
89296
53727
74594
66663
40821
85057
46812
50940
86195
32890
20108
73478
90547
1630
60024
97199
10364
44029
96864
5989
71345
36815
17673
31474
99898
63154
46166
79971
37732
88264
47081
77368
83066
81405
17346
93797
40671
50858
98105
54318
85305
10580
199
77932
25206
91564
43830
20981
31380
29241
83545
58737
49630
93106
88313
74468
54317
4134
52725
91990
74379
54817
86795
92930
6131
21715
58373
8373
33977
91949
20668
58505
69150
63866
73584
79164
99022
9
5100
64825
42722
40902
61196
6534
54412
24641
71901
82980
10940
95099
17107
1930
52666
88934
54720
41441
444
27987
1873
94021
98927
309
88573
69251
80224
12816
24963
15584
79738
85100
26019
39638
36697
90248
23884
13130
62338
51995
82265
10662
2863
36007
59372
15175
33618
17487
85664
68270
85299
84533
45488
15087
20242
36491
2434
5544
5329
26966
89259
34035
73184
41250
48089
5505
98190
91924
79638
85899
64813
93370
84429
60118
83904
57074
48817
70507
23368
27242
49227
76955
38146
1166
18147
19794
35569
43700
44238
48129
94175
12282
44335
81335
4674
5400
35339
21477
19584
76474
37949
47304
51746
71890
16992
38457
15059
62660
95750
31418
6325
40354
23538
68557
95507
9288
39671
52844
43059
39220
54358
14241
13028
73509
63068
62128
44181
45043
16295
62794
15205
91697
65239
55906
4957
39571
43919
96305
90060
20403
21830
82148
73988
49226
83739
11393
8629
11097
25957
98286
28974
8015
50438
1029
12855
51617
72938
68026
37987
58791
64044
76662
93638
89037
28475
55448
10965
48277
28853
34198
76707
21834
56521
25158
46991
15074
8369
92013
3620
68919
59193
98623
88725
26435
15585
65154
52160
33617
27162
84016
5518
28297
81712
19182
13714
25948
60084
49549
47401
71616
19835
13729
78150
63950
19451
73912
53203
83671
89119
55474
68318
64933
89039
42265
65331
65358
83239
87827
26475
71147
79923
1272
44593
92483
97915
41714
42182
4648
68826
19446
33670
78982
20434
49676
76408
38585
94126
92585
61660
8697
11094
67702
5166
29503
17104
5325
39380
2003
99470
58797
43331
21061
19506
85994
60389
48669
66191
50099
69442
65854
4406
75218
11881
88941
67895
99332
78661
10008
97906
55884
98909
27014
37966
70178
78461
54767
63204
50930
79617
76859
30614
2684
86112
31
97090
23851
39641
66434
74745
33352
43605
8601
64685
34341
39689
53486
50352
50289
8160
21468
84015
16688
31319
37629
95610
43781
7278
4709
63088
54770
18468
64465
78900
94003
10698
88282
91579
19840
46238
53888
4611
80186
61116
50683
60146
6164
13301
61720
2651
4255
78420
80923
17393
82570
42455
13800
91760
71977
85064
45438
25555
50254
64267
14548
7885
79969
91857
61235
80521
82878
44284
85258
89460
93535
81531
38847
16660
50809
38509
97751
89260
15932
68027
24789
5004
51383
58271
48703
99171
24966
59699
46734
82839
9874
5851
5240
63722
33473
3493
68165
87360
74613
74946
28308
30101
12252
82238
65852
91554
68643
55064
66467
40017
14869
19095
55832
74188
55319
11014
13731
54478
8247
13003
54416
20467
96243
4024
58552
56503
89970
54659
3949
65093
42532
94705
33106
10294
46203
9218
15909
47088
90672
3850
45278
45597
23318
1306
30211
47946
9242
78196
18781
27260
423
26842
86378
88310
95958
16146
98038
941
38438
48382
90369
3230
79278
30521
18597
24509
59512
14731
62481
45147
92730
33845
17060
3661
27278
47479
43910
62045
38355
38842
72509
83350
42858
24123
77728
10591
13445
69891
76133
40339
20500
49360
19257
16414
29205
41404
66628
31829
31019
98940
24109
38149
48819
55022
86926
6062
17332
78801
2693
51616
10213
92034
9595
17304
55080
39241
72191
54624
97108
18649
77473
55337
39063
83488
46473
11082
32513
58302
82939
48399
83498
69364
7583
49339
53559
1104
54686
95444
42030
57841
26737
48705
38444
11934
24308
14236
36303
14700
73161
79370
90203
20169
92090
58479
52268
24298
55273
56585
22903
32500
59434
44615
68596
18686
46578
60612
82774
83532
11337
63345
98963
26691
38630
241
91618
58862
81098
60556
1019
28669
39132
15002
82433
39473
71461
79843
20476
55601
92575
98481
61791
12131
88890
65231
99626
30456
71269
99876
53124
36711
82846
2833
15837
35399
87620
5314
33
33629
52222
68957
76233
93056
51935
58272
13373
97851
33109
46376
37145
98988
88152
25694
78041
11175
4646
9234
34404
40056
69945
44550
15490
69492
32643
21437
8925
54372
37970
37060
68135
17618
75232
68558
82200
27561
69648
13802
53844
83177
71247
52876
97180
36518
38306
57981
48733
74479
82419
18063
20587
16160
91361
15796
49994
52588
77471
61334
18288
73349
87589
39185
46407
82852
61953
97300
54408
28575
62484
64075
91055
65741
41712
64581
85466
7893
58193
39345
18718
97676
64949
6868
81414
28274
3348
46583
61804
51244
1325
69052
8710
90032
10665
89954
97249
87688
51788
841
47353
5397
15224
81379
490
35432
83935
91709
38342
95302
29712
18439
98515
75084
37738
25061
13822
56887
60410
93892
50348
22053
43344
55274
84935
90108
57051
19401
58627
92907
19333
68702
41428
16937
27376
24487
58212
45766
50970
56005
64481
51057
95654
28856
25715
57576
26773
76877
93060
6526
50901
4361
30674
82991
11096
24478
47659
7469
97407
83633
88800
22724
30548
80056
38997
80282
11354
92395
67124
98499
37280
46277
53927
60069
7070
82821
91331
67649
87245
85001
71720
96261
56440
76147
59585
64251
33390
92289
62344
28235
44196
34848
5535
5741
6888
21346
45849
507
37985
85803
934
18403
8347
56065
89195
29119
79775
51971
73107
28963
59467
25277
44499
79733
13413
79476
11222
41815
42326
70241
59735
42617
33488
3778
68418
5813
24920
48326
10500
27471
68749
45317
24613
26426
32935
88167
95554
96416
39494
40924
67751
50419
33376
63187
45080
93386
31452
5833
40083
72348
9481
1206
60415
64920
94975
57435
6221
54017
60360
57685
15482
11221
10679
31607
12940
20158
54265
27979
57755
80315
10111
55959
73270
98936
51704
5157
23643
32732
64227
28842
16788
36568
46150
41890
56995
14062
73014
37421
79964
70919
26369
93201
38881
57905
67375
79255
60565
70276
83146
34208
35723
30380
2170
15562
80592
93311
12963
22619
96060
54350
32607
28582
37297
96479
86457
844
97245
70192
67539
56134
6523
15963
50422
84567
35715
15498
96637
74012
47042
30089
88458
93919
92207
71648
86587
36984
29040
96976
31475
8491
67915
40307
88427
42901
30618
48915
82380
62949
37595
76291
22463
17994
2031
72498
66171
42976
48101
76733
83206
3314
17016
51849
20348
23168
66908
10021
17770
27066
65108
74645
91186
27978
30843
96018
17318
30630
99610
50411
46329
79757
77467
17372
82442
65334
14157
80742
3409
69000
78135
47004
64120
59716
40461
1656
28845
72813
85559
21369
86618
64841
96648
63034
71569
41149
92304
10324
33968
18015
79207
52671
92198
41473
38237
50343
7756
27349
5018
41308
95218
97920
32716
44979
57828
87612
95131
86477
86223
29611
34092
45111
88025
21277
39964
2225
46708
75181
70715
7626
95985
82632
19820
46323
2881
64370
82290
8037
3219
31649
5893
29592
85704
42817
8722
8179
45210
87028
55397
17806
28380
58846
57044
18619
46928
40888
23191
85075
43098
95428
97951
53560
50157
1262
53645
34569
69953
69643
96421
90000
92397
60640
99494
5497
74020
16068
53599
51157
22454
407
65608
18117
81506
86766
67362
96001
91698
19420
10439
43260
31113
23104
32347
2880
22130
97361
89608
22061
94082
10287
55990
78365
13586
81331
82382
59966
93075
19670
80601
78901
5249
33092
44597
96733
96038
49350
3573
82020
4760
65056
11746
46971
38369
88033
19766
60046
30952
66510
46636
21270
96403
98694
53046
44255
35368
64528
51457
1937
40732
69512
37778
72148
61461
4578
69703
74776
72364
34399
90025
5020
59758
51781
94553
15730
52924
45428
65012
6704
2711
35789
96987
4492
33281
89224
89180
76284
92105
37981
89929
99887
27144
99955
69372
67667
44601
50603
32851
27390
15203
74191
43180
31804
76827
88324
94382
69832
89302
46315
21305
20061
43340
97962
1191
76668
6718
74038
20469
45164
47604
38166
82013
38459
42336
64862
52908
78735
56492
22286
132
18449
74527
5714
57919
16495
44740
1221
94584
62968
87059
86879
33764
97947
80243
24596
9207
71942
55558
36530
22784
69406
22263
8295
86358
83806
20630
75980
14424
66050
82854
71227
79304
50423
56968
34833
40815
37350
1787
56191
94098
36757
33841
70499
69109
72687
41671
44861
24902
92480
56583
18573
776
98310
67022
20359
86655
91932
73830
50350
47309
60834
4766
73609
53954
83448
80495
99645
29924
2056
47477
69349
20777
89162
25494
82694
46461
82288
91762
65141
2508
95803
96371
32662
74915
31729
35975
24266
99362
55047
75122
58743
31029
97522
93561
58937
66702
92404
13162
24678
21559
57736
8549
55934
83197
51739
35632
33120
57306
99317
46683
79913
42960
11878
40241
64555
1437
99945
32841
26579
99923
52153
50675
57096
83279
82004
88221
51021
91370
5035
76374
60989
46475
74552
16621
73979
93125
36483
43006
3185
52178
62092
68379
17739
5450
10680
74176
45538
47319
588
9092
25005
94016
14524
88001
70860
61748
5651
41226
3327
41261
51465
16419
83305
36055
53269
87934
18629
78074
19331
52979
40120
67042
7844
21353
16434
17557
63031
92446
84134
93883
94840
6122
95657
68106
5697
72737
90595
97536
91398
82735
50759
23621
45180
76792
10852
10581
73373
22862
34810
26424
34205
42983
91803
92887
33276
33979
67821
59831
20342
99178
58828
72446
20030
5059
82908
76743
23195
84089
67138
4429
99312
41429
9390
25282
84987
59840
31289
68454
20891
92999
43734
85879
17678
62453
72865
7492
71230
10802
67852
45007
322
10484
13629
56063
79631
46179
74746
59189
44014
49553
67161
47455
83436
15577
17840
41535
2978
23933
96174
16397
2516
44287
79623
25341
5785
54242
84592
8131
91598
40796
51054
6846
78702
93238
22041
46908
10147
53507
7078
57764
46527
79186
81282
99151
33531
88122
40598
73758
59459
54031
23680
4022
59471
34622
24968
50811
8400
46872
12622
16169
3432
45978
2796
23211
52922
90514
85646
1788
42310
72620
97781
91075
65015
62460
6779
70203
52682
34372
3643
84934
67615
12545
10497
43727
46995
12908
61785
4334
20220
67711
81989
37628
4823
95
49373
44261
20560
71864
91223
19252
21044
22887
20837
83901
89107
31795
81882
43027
3125
63296
82029
88924
52180
5789
29678
31495
83318
36906
43066
22284
31219
46148
29627
21446
55148
60673
47616
74105
18087
50660
74044
1765
21252
76500
738
90038
51105
94170
22539
19513
2557
3298
42378
66858
484
6187
14667
75104
80147
19358
20073
88288
49790
3465
54884
57181
74454
89971
43636
93219
18065
47713
66879
28398
69907
52479
9574
17012
53445
74201
86334
45952
12655
56562
57152
32197
61752
50037
29495
51752
31464
84576
63069
52043
76202
9046
33078
36159
69020
48732
71085
2847
79171
80164
62200
31066
36212
5282
80080
42148
51219
82064
13980
70054
6385
18901
93516
51436
3512
55187
95813
51525
56748
13738
93479
60383
79191
60553
21152
22230
44629
62175
53883
20841
77359
37186
99854
66002
14747
48271
45274
18703
82392
46874
61954
82610
67989
98753
7065
25649
33768
23186
94824
76504
42555
38802
49822
83155
5434
38156
72277
56519
4574
89420
53811
35267
49173
95404
27285
45465
17584
17321
14457
80364
46787
21726
4092
56436
75588
52218
60754
9983
93162
92672
89236
10200
55761
71422
95185
72602
18127
22181
20049
27192
21557
29917
3895
68852
17767
64624
46789
81703
96453
37753
93906
43931
89678
15529
53591
34310
20751
44888
82310
65740
43488
69878
91115
18950
49301
96966
97488
72807
40008
30741
49619
45419
51152
61770
67049
40128
53752
53254
12807
89579
20186
19352
644
76479
78049
83106
92334
67779
14000
91337
84850
91497
26859
78090
84449
79053
67299
14573
34954
95934
80518
22103
49264
11190
4721
1374
15125
47469
94694
63006
41727
14174
88601
59326
48377
76579
91315
33277
87365
63770
29978
20846
73615
72303
10214
66583
22020
3379
84307
21864
67782
53595
79725
86592
27273
57433
92816
89609
53086
34619
2774
76996
17598
50884
22457
57797
74048
7032
49158
11376
84417
77098
53108
43847
30552
66426
59706
5125
62907
81265
13343
35217
66519
64261
72193
84539
51654
34774
23726
30116
70910
47752
20911
39643
79804
18827
59889
9023
8977
62667
51543
74202
53737
72894
12090
34803
63214
30100
14532
38888
18490
47115
12340
18170
86302
7432
87234
17931
76873
73233
26018
924
4333
52999
73174
91722
99003
78869
64270
93600
90494
14030
61992
73340
45518
44963
12783
89881
674
31678
29707
40828
35973
29440
1175
64963
46512
66712
44678
12014
10158
39946
75191
55350
29655
96857
48168
49959
99376
19067
30360
37735
26124
97306
63061
86508
47076
37080
50376
80270
16956
15657
52585
46538
65569
61730
29969
86007
92969
49012
82858
47022
56612
36360
47082
52543
93633
37107
62878
38189
15810
58456
20219
45090
31920
97428
24502
44314
65444
29975
14414
89273
50319
50949
60924
67309
60525
74172
81014
28921
88556
52335
65827
40790
63789
30494
41225
67884
89642
215
12044
61835
41568
51677
29802
56538
6373
75416
5300
53281
34532
26253
95083
42835
23405
14825
23700
91573
47730
3704
30635
5727
1060
70068
590
16994
15268
79252
79413
26131
10690
97132
61091
25913
195
68186
81447
54421
8752
70376
23217
30710
29746
54450
50060
62217
48
57122
27538
49970
5399
80709
35300
3742
76390
45490
92255
48164
44213
88759
59495
83984
17613
78106
67768
12065
32993
13534
93695
13564
35765
3162
90747
18598
81371
86356
17813
49664
27143
75127
86511
41882
26431
55203
66586
65584
15773
73347
13832
90849
62208
16324
66715
58679
61577
23419
59624
71797
44540
16892
54554
33349
49444
10295
74053
66249
43986
30613
59480
32567
46012
62986
53776
3134
58589
94819
787
72412
53065
58468
29357
56293
31596
33189
62551
62271
18480
29918
57790
37161
47182
85628
63725
78570
19504
68469
89718
11476
24589
39308
67869
82693
88232
16089
7732
20330
44932
4808
43835
81498
21018
61420
88838
24593
53932
65024
25172
21956
51235
6177
44428
99593
89402
68276
24594
94886
42998
24012
68053
71142
93398
77920
56890
19942
83039
90273
80960
64676
86927
74807
27967
78389
57852
4313
31846
63931
79163
41639
72852
95826
25741
67
5707
8161
17585
31830
58093
88369
79950
29359
86616
89721
14293
99253
67596
55774
84636
83108
37538
89525
44321
64674
89842
25184
21392
48842
73055
46731
94044
57428
51225
57527
86931
41618
61416
8824
19213
28806
98848
14850
98519
20417
51649
60801
92766
70856
27527
48218
92303
6108
2788
53233
27174
11477
54045
76739
74660
53922
70889
27586
83018
542
87656
17875
69578
84275
64187
40452
49826
71292
70412
8656
10260
95745
64584
98603
2004
26732
54964
80873
99247
47187
40905
10972
97651
3045
31342
80460
3655
77056
67193
48170
20103
61047
33868
14442
77793
58609
36497
28774
50163
50339
97776
66429
44534
77362
34587
11662
5768
20288
41357
82174
76569
73867
63575
8296
69116
62841
56976
41869
50532
95572
3183
15282
56917
79581
87086
17508
99829
18578
4079
92471
56330
32490
4166
82486
35650
34624
50370
15129
45065
38224
48986
80763
83513
24843
97655
71004
71030
7812
44400
67553
72382
1828
21158
64940
2877
33797
43460
18044
45094
13018
80406
73562
54742
99330
8868
32967
74777
13656
68249
9841
76834
16811
63605
4542
68187
29280
45524
12689
73110
92719
28438
23224
90922
86948
30166
52302
26398
79794
91538
97687
57538
45667
20704
35281
94471
45683
71732
26318
28320
61044
41121
16838
36283
73544
87091
59
10915
86545
43002
40417
92586
42371
4601
11084
80178
1850
38326
15028
21821
93304
36084
26399
67201
72702
45396
58863
11653
54344
65893
69717
53631
16083
10534
77800
60680
42484
22824
38871
31593
82355
57272
88294
91584
37582
4108
3002
1077
83680
35296
9984
86666
41040
41539
71807
85654
37674
6348
92859
32612
90743
67712
18352
34022
78269
7351
50936
54866
36814
76340
29548
33222
40992
69834
64159
58826
92833
16106
55529
49082
22221
68251
6721
30279
92564
62563
50292
4011
31259
10630
40409
12900
23936
16866
57366
1991
98814
47470
68876
54251
16326
69118
32313
65514
36921
35199
52981
56558
61698
91407
7648
21526
92952
68712
46832
26537
32665
19811
29007
39431
19044
24416
72309
32820
71325
3571
23756
30491
94603
54705
92435
20557
31896
99386
73396
16884
76207
89287
97646
32499
68683
92916
97253
2757
94626
60408
26186
8174
54007
21995
49940
66260
50843
27851
50437
69889
68961
64642
13505
16616
11267
69836
1527
10714
1382
97894
31854
97739
51887
59032
88355
36148
54060
45258
86748
51943
33849
95183
10044
99883
20672
76812
31807
97094
27511
5943
99825
7033
8786
90848
58491
32635
59062
93079
99797
86704
17627
78619
82165
66805
37900
1768
78428
19364
46032
87405
46921
48106
38974
65765
84103
90214
33227
17513
2949
62842
96222
26162
79765
52023
44482
62066
39507
57720
18261
62317
38784
91879
43499
45744
83605
79048
49899
51886
75858
52595
91165
65734
39046
88418
99240
74017
30833
24747
56534
28362
34754
67419
21942
66801
18384
78297
67814
99167
69695
66363
84864
62371
44789
33944
56809
39538
59796
85266
69038
6836
95618
25470
33684
60138
90619
9014
2395
26379
78274
13528
33600
137
28387
24248
81022
22752
86676
47235
79874
35084
1181
88408
86070
2161
2706
79635
21951
40685
30950
51517
65510
96775
47615
46493
11509
76293
56614
15117
91683
3241
22569
1870
77840
69690
35722
46240
96779
27343
50325
25796
41847
24179
23437
65051
86257
80181
77517
66274
53436
76913
82243
360
7098
57165
79230
4109
84722
84887
84967
17766
65858
11169
54961
40672
43482
82960
82086
81150
24781
93641
8056
44450
18110
41434
86117
97913
35964
63707
63078
79818
43330
35333
84667
10210
60117
98913
20916
14113
67165
33940
73259
93693
53026
79692
58692
55217
87941
54939
16567
89950
86098
14735
76614
14606
24382
97878
63213
38562
89973
95547
13108
89728
55806
34370
36192
14501
83267
46621
66725
70256
9795
1058
5360
79669
1943
18152
16104
53490
50470
63089
3545
41063
82826
18407
11151
92130
51385
84397
75917
98239
29506
6384
27425
54056
3618
6182
78522
52349
17365
73435
95832
92189
38954
53306
53047
71610
7179
97346
58417
71093
19058
73474
16661
84442
27173
77142
22066
11702
75569
61551
37723
35110
33123
27739
52840
89737
1178
83408
6756
68612
9196
1344
83817
37310
20251
18461
99838
66493
17640
15009
43544
842
97038
19052
43288
75806
98443
8201
11290
48892
27145
33275
59121
43491
89429
63593
61672
70215
69002
11056
10599
41356
57508
50291
52861
71068
62919
72257
55819
67980
9702
28747
18838
84447
52377
67035
41076
19423
9236
18766
20433
4514
50337
84480
74082
15188
87065
8927
68728
35076
74093
39676
46167
87241
95271
62516
52707
77525
41835
97508
87775
81571
61177
67162
45248
30447
65821
4927
95053
50315
47970
67151
903
32737
75283
10085
62297
14542
48233
57043
81133
31967
71532
67984
66559
14634
5276
74698
47015
5209
47940
23569
44683
35292
63706
63326
99086
54930
170
84920
30953
85767
85784
62575
97366
95062
45122
89576
95111
21065
5726
99772
96833
62945
68933
86310
21612
50498
91140
37720
89777
76056
63398
27922
3577
92692
59537
81667
78614
87933
22728
80159
57891
41320
75810
56352
74433
82379
18885
56299
51307
31093
48317
49936
38694
31538
27704
33412
31692
70315
76959
48767
59707
31216
78554
44266
81786
82986
19197
42212
31925
18864
99596
33646
72140
22672
70323
92360
93122
78177
15039
58575
62891
26845
90679
23792
78685
46915
79329
32646
93049
11638
70886
65107
27563
38501
51076
35839
67075
26481
46392
53308
41330
95796
2718
5678
25177
25821
79156
73035
60074
10608
32879
65729
37718
90260
63758
55021
41180
88305
97351
91753
91366
50510
7137
15077
7696
43862
20933
99995
34881
80607
94398
73240
57425
40485
71821
54377
63139
49148
28886
88656
11753
10509
82332
11959
66339
2297
86521
76352
67248
43375
96066
78200
12552
73860
30792
2647
5406
12514
95697
40906
11990
77082
51300
93032
16828
75467
80100
69627
25930
36401
38729
20807
24078
77381
29624
17944
17052
29925
33800
39778
19040
96262
80767
35561
26795
10280
17871
87010
53340
23854
26066
77173
2253
46065
70493
86309
62880
88880
16540
99006
97163
35501
94402
91673
80995
90604
36604
78528
96533
28911
533
18799
27149
97037
75691
88532
442
54813
16666
63565
70588
5382
65971
41778
28834
87793
22859
59850
41498
87053
58011
30335
85086
83537
96206
36089
88510
92732
24739
13157
64244
35672
46219
70601
77153
37057
28556
37452
72400
51441
8582
22963
14915
77332
85419
12478
67752
18150
93809
60400
18898
55385
34288
96148
70275
25569
99793
23283
96870
8969
34742
42867
49305
67092
6719
45131
51120
96417
94625
72034
16497
93040
93381
70921
74610
19915
85991
4559
40028
80832
58153
67665
99799
75426
54507
27542
61434
26666
51305
11498
12788
70163
52705
15938
66416
88275
61153
98227
85648
22010
4231
26412
30541
31550
12469
78447
49542
53279
9130
71823
27868
68896
26045
28638
64459
11908
25095
13059
67266
79140
25599
72120
75605
68130
83759
81398
56575
78742
51760
84020
34353
88166
61779
83892
82614
79018
3784
45979
45268
26988
92019
84475
4543
25899
57742
28212
67888
89405
27792
919
18788
31011
59472
61845
11981
79203
36184
85060
38013
51404
43128
96732
94456
87068
93653
38988
87930
11623
80515
16316
48571
80295
81443
85730
11581
30159
17838
53655
31466
2336
63559
37081
18871
67790
83014
48517
96889
88757
19082
15172
66568
42135
41968
89584
94985
9907
47119
25115
26244
38691
68346
55554
85331
95113
96684
49656
51742
4650
18707
57786
10106
37721
82503
20324
69037
24645
78952
64130
45865
20361
76730
19477
75054
56281
34717
27734
15305
20680
18257
57860
70284
55550
23523
5021
39174
98311
61629
75090
11178
89451
48060
84854
12913
13238
64785
32196
68213
5600
3946
93145
89599
77246
11307
61034
34084
96616
76787
33666
92106
73726
49331
21295
31141
81959
15987
88975
76175
95388
67866
20952
65099
85221
82319
31875
1724
29684
18814
92663
78783
88449
18908
83470
20230
77599
81345
23240
8901
13841
36626
12512
35328
81652
61319
75654
33812
75801
55030
5439
92831
9796
18528
59180
7682
45486
43628
33284
83525
53450
51181
2906
38860
85577
31701
27826
11684
77667
94481
18873
32487
68536
27918
41900
1400
32831
55159
75791
68061
71790
16930
93166
43501
93812
74643
85954
69897
50887
26271
39090
12443
58347
85071
83320
35347
31051
84840
34317
40144
11099
48224
18999
58974
3442
50635
84321
58628
6811
82777
37400
66898
81527
55557
61368
80122
74573
97464
67837
25513
21013
986
34968
14021
50448
92793
33698
25931
63543
61712
34699
67552
52973
17394
79780
65196
35144
22542
90961
2037
27230
44418
34303
92864
92662
14321
86186
4089
57157
40650
42283
94446
25236
43309
53779
16713
84013
16243
32763
46856
99769
94505
61915
57856
22775
90075
46404
56057
57194
53757
47792
76556
13836
11507
73090
59353
17172
12590
2038
68799
91854
50627
85797
62915
31122
51551
83502
94479
12665
55293
7508
88514
38840
78745
22337
39501
36511
69053
16308
73125
87659
88837
44220
17
18933
12211
44473
98708
44267
59288
26004
31819
49084
87746
74907
60453
34278
71546
22440
58946
52471
1946
13533
620
14042
43205
94990
27226
40956
71404
15078
65669
39483
12127
13416
71402
80807
37839
97057
7985
32222
14583
89654
21567
58270
21702
21720
60980
33794
91000
21994
57652
92357
74834
3572
73494
49612
2140
16082
13165
40606
10861
82618
49995
94803
50310
30084
60701
84558
77933
66149
73367
48236
24454
55766
83859
1096
77203
55171
78967
30632
37131
45457
67255
41135
61984
82429
96665
61283
97591
94087
33197
45165
35758
21470
24445
29129
60591
42410
84237
3043
48799
62163
81513
92137
37528
88552
32400
2754
13358
60199
95579
23883
25917
50944
91752
78857
43485
72315
17418
4315
64427
54256
61210
57784
48200
1561
25873
74330
26742
8928
64271
17239
86467
11502
94252
90896
88052
72607
53077
80404
36561
27244
10317
56108
2991
71375
62544
94036
97478
44922
96893
376
25910
80826
38687
54903
58835
92269
67348
91951
37165
8415
5097
11281
45368
49665
84325
54068
49934
84540
91168
99812
30435
37117
63531
52499
72586
86
82300
57006
83258
37818
88256
63584
52308
51758
93605
76833
94604
78731
39580
61562
71783
48453
39853
54885
76783
84712
22272
45437
4883
55635
57560
57785
40679
8627
89353
29721
43437
30282
49379
3150
81907
44414
20446
23992
65157
9060
13053
23222
79160
4192
29993
85063
23460
1299
85747
68182
89007
57312
88496
23529
37937
52016
57725
40830
69642
4962
20892
62761
20689
13973
86633
15298
62075
96077
37070
96169
40011
39558
51273
4234
76804
35022
43492
99628
60464
8888
93206
38497
28803
59609
83046
40548
71853
26981
49494
8918
55567
5591
11984
48345
926
38612
40479
7602
153
4337
81884
5649
20425
77851
22182
61568
85113
10649
18252
2650
97325
73493
17688
13320
10070
92929
8561
79629
86643
15179
26446
13121
63862
56732
10525
15090
62073
94060
58416
65720
95306
22027
70760
13352
18113
48825
95665
55329
67036
17039
10583
82120
66393
4599
95737
72488
32520
12354
95574
49563
48727
69288
42486
73622
91586
74955
71645
51431
40201
31742
74185
90892
11999
19986
79292
53096
47756
96362
37175
46255
66244
48975
2747
1045
162
18759
33790
97068
89324
90805
27458
85522
17937
24407
15182
64166
96292
63426
87378
16488
36112
34176
18199
5351
86053
46045
97911
42403
26228
82941
12461
65755
64879
18954
82875
32940
42061
24840
83203
15170
80947
87935
90490
31845
46218
13519
36023
50837
73049
46781
4193
83594
43517
30352
51652
4423
99249
55198
70396
35411
20872
34332
6117
97585
35087
94723
10428
43899
85007
54592
1020
88909
34952
29717
85937
92885
23490
33212
48404
68653
83090
14864
22407
65198
26115
74307
79981
77764
9692
53478
37376
90934
88916
5587
33823
680
3937
79532
20799
43174
53023
30697
76421
71910
25942
4138
84271
71185
24834
59491
71662
86274
58935
77745
81143
43876
45435
47869
15339
2188
54891
47668
24385
62900
29890
94681
89222
96181
83446
98066
95016
82768
50467
78627
1938
87413
24666
80562
98091
64793
54182
99298
51420
21200
20165
88962
56212
49974
58292
96566
94462
98160
28137
33121
8279
91889
20745
74518
290
39427
98154
24193
12942
20214
32806
23117
52157
33634
68368
84524
55204
41999
70579
95459
55619
64289
60830
15724
32873
79331
41303
33686
33089
94593
37342
49206
79681
67351
3055
65528
84692
67337
65814
26607
55296
35684
95814
86000
99785
53303
94682
4751
2825
54328
72816
11225
36471
93385
3335
3842
64594
69930
45833
71997
61833
68671
58314
72860
97529
96082
92203
62246
75781
24250
76957
98928
3275
79582
46628
27557
40352
56417
8740
28731
12765
21667
79474
59396
82428
16870
65156
41372
57701
91070
20254
64060
64389
44714
92989
68806
94814
29369
5887
47286
66937
34577
51621
70137
85216
78009
12608
40202
17004
66048
18305
8368
44559
25501
5802
3536
64177
61717
10220
68621
6624
18256
82427
61139
73809
17744
73813
33854
10610
39644
46759
17115
61330
48578
5604
43232
13196
81821
88756
14425
40165
86162
40415
76037
47879
23657
931
86133
98886
62266
53078
53031
82951
28042
11970
54756
34971
63741
56615
87736
64592
49384
19061
56257
26959
99871
55585
82322
25175
35079
9398
60946
42185
47563
38190
58965
45035
32249
21268
60445
16718
92391
44545
28717
65171
12700
70344
76842
79238
58293
95573
41687
22831
11466
86630
41433
21387
35692
46695
86826
93498
15287
14739
49655
42213
99466
42957
40591
43683
99886
197
24801
86291
85142
39639
83809
24451
22250
73108
20844
62290
31554
10401
93454
68639
34027
92425
13863
6683
97546
11698
51258
60799
63522
86924
18456
92652
18436
7563
14816
19817
15694
52960
79627
12309
36872
10726
75590
76101
13063
28430
97993
39600
52816
22557
69607
59324
92099
34973
44265
82139
22882
84776
52911
34195
23226
21212
94946
11229
27711
83531
68173
46868
88570
96418
59748
86331
11900
67679
55618
39621
7374
18353
45762
22984
65470
29645
30298
8543
16469
57668
56912
13045
47280
29450
15870
42252
17561
26126
31046
80863
71727
41216
86549
65087
45019
77298
83557
63071
66100
86896
35382
38796
2388
81655
89702
81492
23618
35597
25652
65599
71884
92947
14437
40865
57634
22805
14376
6363
59679
69489
69265
73593
80303
73767
71639
96641
86370
49255
55028
41615
79719
29719
43367
64799
18983
68109
94624
96689
3414
96785
63155
18324
183
11016
73661
2454
18129
14337
7203
42091
40872
87489
25400
8219
88503
6280
99402
30114
95939
23244
47165
50176
85121
81212
88935
48255
54883
27499
51398
94335
5195
78163
96579
29224
74575
963
58448
96718
1411
54382
20115
26367
8311
75878
83378
16949
41472
98355
36774
38647
59297
44859
68636
54178
64377
43213
34894
67683
39893
58152
70020
43526
52604
87903
43953
52899
99053
36741
91321
28056
93562
61200
98661
39161
52843
56173
96906
96961
89448
17014
23447
24951
22388
81858
25292
35478
65877
66354
21471
76972
24242
86686
63564
15911
63080
32521
56888
24076
15234
7130
67617
5011
92144
96631
11779
97833
94724
12382
77500
18001
19286
73786
27507
84684
47068
47999
13090
12556
49370
64001
16464
43994
75164
68455
26629
79591
29331
78275
74723
58194
79042
37614
12510
18394
54836
12523
98180
24705
94014
17072
23321
90157
34827
36126
88653
42554
22170
58404
44044
71596
13112
98905
11841
51944
1509
8166
24721
45018
57042
32535
43371
56031
77226
16240
43019
8586
79695
64643
38920
32114
50281
93657
7742
45202
43459
22153
11769
73445
36186
60057
814
81312
81988
20931
18512
96287
73113
74364
44269
89144
97516
59529
90870
8861
51060
35623
61370
37123
3819
53015
3116
59720
14587
17278
39397
43195
39036
79536
20388
58285
906
79824
42551
20345
54277
3494
39152
23383
75710
20535
10257
99206
67099
59352
84097
18174
55070
44509
17331
90685
73610
47130
77447
22088
10804
12179
31759
14727
26505
62700
94058
85760
25097
3631
49311
43229
34643
46536
77320
33119
58055
68051
98243
5030
40832
58428
56818
29206
99215
96581
97644
62096
68385
78129
95644
51840
93525
44164
28098
73756
45729
38487
21330
23207
95202
93915
36842
26175
15568
46202
96471
39557
33510
93157
81640
21980
53179
3629
87432
10178
24354
51161
53964
10266
10075
88683
74638
70214
8833
28302
42469
97307
59336
73124
79663
12862
22222
20918
79376
77114
6337
57396
34101
28023
70336
7979
64697
9603
2205
85039
6393
77886
24655
64562
98916
86316
26119
68286
38129
75351
97076
74436
11487
19705
48850
71482
107
81296
43831
85926
71637
29646
76122
39818
1596
75225
54081
9291
43086
36694
45347
39373
73935
19541
46151
5027
94799
1900
84136
78247
52491
1110
56619
30599
56446
60951
38522
553
23003
90438
59546
8853
1794
87666
5731
11913
16693
51562
50287
78348
22971
96207
28820
85315
71827
14091
3907
5359
51708
53133
37091
22434
49845
3447
87875
41791
82586
55045
67998
26344
67356
46697
78099
32251
88822
4226
54420
64545
67227
82609
6251
26211
44340
59994
95412
24122
25847
27834
4676
26218
15621
38490
99267
42407
43247
96062
39944
18859
23658
75547
54406
36137
7243
50146
14484
99191
74560
65233
21273
49806
29094
53742
99840
50744
16873
73412
82815
58007
81649
90274
47532
6030
84322
80849
68787
29847
28288
67241
52373
63731
29392
74942
95531
10255
70817
14554
20091
21655
39758
3692
41830
14914
17197
81155
83577
69240
81142
23553
71629
54540
33608
48029
18050
5831
67512
28333
93755
58294
87433
80362
35396
54625
7860
98495
32659
34898
25323
44200
87312
13766
91013
35139
64497
48641
38512
7619
34716
91372
14123
47077
37312
25527
44635
30487
31612
26117
24643
89790
49604
15948
70114
32956
87136
22136
45395
51206
3521
69937
87693
5732
70078
56848
89773
14355
92956
67001
39400
96530
11248
13707
65552
72463
46258
19320
15978
37632
95900
96885
99458
38626
22802
38596
32387
70646
90405
31528
10182
62600
25262
46962
55899
35201
42953
13539
18409
60762
82233
46037
66406
16996
8217
60412
52566
63192
41797
40838
63454
18475
37146
5980
53827
90435
8694
60763
77784
23266
8931
99992
14798
51628
30312
38256
82021
14056
55749
82175
76477
38706
70935
4080
6427
52988
97232
54054
68651
48205
29796
32164
21371
85430
14207
15291
70162
19059
38791
46967
63622
66946
32270
56633
78404
78490
24497
44781
23774
99721
86285
2852
43875
19637
13481
67289
41222
79484
32489
13394
96301
97650
73652
13621
96496
89566
62589
68549
80638
91498
64681
37546
43928
80772
11876
27364
5417
83085
52951
33938
67136
93146
44572
28805
77108
34125
94764
97623
91865
8702
59003
16687
5012
88000
12694
57573
92904
36832
99986
43879
33321
2344
44992
96023
42112
83640
31785
46251
95777
47452
46979
94122
49177
26390
2283
82375
76156
70575
40396
52494
79016
2884
71446
15573
41190
3171
56894
18792
12153
16388
6649
86037
72919
38250
25820
98804
85857
47377
31774
74086
10860
29230
87515
56745
41600
84443
83011
91244
37572
2717
8514
60403
36048
82932
50014
28024
21027
95063
59363
1424
20688
344
21850
89098
6510
12036
48471
7117
87531
29416
29644
65062
33471
74160
49091
96522
85806
70304
41091
85786
91574
65161
80835
66298
6547
31952
17027
97131
27910
30423
12873
18406
13833
5443
78704
73350
11998
77328
95227
80590
56844
85251
58970
51835
1843
96470
80792
99937
68690
82016
41782
92179
68436
27621
16611
80034
39254
72603
88186
52673
77965
68381
99278
6591
60034
74796
74299
32424
51466
34591
72967
86833
40310
96723
15856
41156
75144
92362
33513
91243
67335
35023
59272
58546
76960
40769
42295
90177
9992
93875
57110
44680
97399
894
14212
93709
43133
77181
73038
25742
74825
88228
87526
657
2397
2369
40648
98138
60632
14440
67741
87286
2617
65489
97093
31000
35958
67463
39502
34616
26319
97552
52610
79090
58570
62489
40214
43382
1952
99428
75527
79100
78768
38588
13989
44790
90894
11949
20128
50462
59816
34374
45701
89784
98106
29033
93011
23994
72243
59551
61141
33955
62358
12318
10883
90055
22606
72454
6844
32896
47208
43573
7474
50317
87856
44723
22809
37320
62406
5808
66098
39693
41841
35406
99331
81303
82156
41923
9844
45749
2596
58830
22779
47040
80678
38611
91043
34659
64372
239
58392
20678
31977
45558
30581
14878
83992
6247
49811
58350
49657
84747
78468
4810
42523
3339
88891
1662
60189
32773
27813
91303
23078
60976
13460
91167
96724
52460
73658
7307
34646
13722
17980
7653
1375
33767
55457
68755
86584
76155
37341
8943
43714
63126
76595
44364
34798
43828
30333
6197
96964
68148
31205
57960
68592
92722
2338
88902
50150
41771
5588
68724
26601
93787
96866
14966
73586
31963
3947
96099
70624
41019
19620
93761
31586
74979
70867
64735
56821
23552
58550
34400
5028
47276
88534
38734
96486
44777
82084
35933
30017
51257
717
7774
13141
17793
78456
43267
73897
21629
2538
5449
69965
21316
75937
20306
18291
19803
71795
24468
53405
50979
48397
37776
45125
73859
2094
31096
77095
1310
48179
48148
44872
11308
75324
88632
89827
48622
47874
8482
53665
24605
47303
75386
33071
19701
27892
68730
24313
78680
17685
66267
14621
41772
76269
76379
73345
81956
81351
12591
80800
21691
46881
33477
61336
34376
58543
24238
51767
54865
47236
12766
41578
19623
34005
23504
44060
58670
10604
49042
48997
35136
86831
46114
19457
54266
27122
26178
20671
76307
60258
77935
55955
86361
76889
92178
32011
206
47916
17888
4042
57814
53630
74397
12415
50899
37931
81900
90423
26125
56475
403
93131
80389
30052
52947
80543
63570
64710
78631
55729
52857
53090
8001
40628
23075
21934
41997
15972
66057
81644
58887
20861
75396
51112
29859
94118
16481
33487
2330
59982
41105
62897
45629
66587
99071
28710
40929
74394
3744
64379
18010
35553
27133
48995
2035
37605
81707
56574
96055
29703
876
28924
79838
50718
17441
33226
94701
83300
75660
72578
26154
16429
51143
74002
96810
62967
47340
88289
61553
80314
94097
17700
4034
97580
78546
51934
86169
55509
45216
40588
18678
38027
65369
34114
52059
92995
78450
31602
60547
26482
90799
23961
65088
59768
4949
96578
97262
53745
26541
69028
38334
90464
13598
40515
35427
21375
19749
98839
27435
40282
17089
21474
45495
27412
75620
77722
20864
7862
16579
33080
75336
37566
37167
24343
36572
48640
14136
54219
34152
43822
93513
78089
73542
68763
81999
34165
14112
72706
73057
7415
3890
44758
95499
55594
79614
41630
87740
76986
30001
15639
55738
87506
10960
77672
32780
71499
45067
94951
19694
5286
1213
16521
50655
47847
3694
48834
43894
77656
77645
52300
70657
93490
14564
13767
80978
72590
25303
27687
42304
84209
72736
52748
18915
5378
10880
4282
83456
46458
27238
53963
74725
91049
84630
15185
53946
27156
44353
11865
13511
95106
98948
18012
35825
30886
86149
96379
22433
28230
50421
57047
26080
26645
1495
68458
36769
54874
93681
28205
66795
13335
98728
80737
47573
83184
43643
32929
66759
30601
65376
75920
74205
6705
74209
86642
14179
34788
56649
83989
13297
4907
13096
42968
43336
15008
81463
37095
12823
31527
39716
74783
8506
12677
51323
62938
19553
29489
17098
31196
18077
5189
93637
74747
7102
61298
62471
71710
72321
30818
55615
32440
28504
81682
12753
43572
22895
93858
38713
13371
58874
59076
26459
85109
62389
34322
62782
24984
87697
20937
78997
28048
74709
45975
56362
34360
51195
21909
17155
95027
78192
70997
64249
14407
30725
79766
45255
74164
36244
970
40052
58466
27751
29457
37925
75932
41275
3200
47228
4581
55894
95830
98545
3315
74999
81926
71879
2874
98192
6324
6996
53347
81685
39421
59380
43465
84375
72850
50066
13915
35841
96528
5722
44436
5826
8189
85673
88376
87032
15531
81329
90433
97780
1824
82602
68912
82627
12877
75082
98877
70865
4511
27820
77603
53984
36650
13200
14195
23681
15936
20380
72698
31340
30324
63317
79264
34067
52446
26752
6697
68426
69462
63967
9851
29951
17048
51618
90580
86420
60061
32276
29921
15523
20372
56885
88158
64339
55097
33597
25160
72010
4841
72407
91401
87055
51182
20338
91820
64647
97201
75087
18198
6321
76414
62889
87320
59791
78170
97288
55162
43527
83882
69856
30321
8409
70080
65743
31110
44565
94767
39808
31448
67008
56930
35700
38272
49885
42240
97421
41938
27221
39751
39227
25571
13313
53556
69982
21475
41380
27896
54835
60925
32084
35989
68519
47782
51440
8673
76714
62454
57671
89082
12680
21841
83723
15794
68693
34950
34727
1130
51150
51516
26067
3252
79151
21343
7920
54518
55779
55962
94575
49783
34992
62056
86663
75047
77390
1858
11299
4644
19789
73297
31010
21520
95033
43541
55734
66275
98416
63761
32344
9788
35310
19276
81297
25374
32300
17629
1736
93986
3635
57906
39529
95461
68956
2664
61179
80731
85478
22013
5043
21907
85701
1209
68372
52358
46439
12009
41078
3422
88856
60577
94427
66732
30429
33935
49417
7747
56741
59012
64016
82689
14417
71083
12414
68627
28522
82411
93322
96291
73286
52408
42167
36343
30269
78296
7782
41765
36574
11353
92594
78769
76728
24311
14082
60165
3003
62656
46449
32788
57011
22719
4872
93464
69057
23119
21030
56391
98232
93453
92326
95946
26048
39415
79325
69723
75855
6711
7164
30147
3114
75015
87636
98960
48439
33783
59613
95009
80134
36983
36571
68759
43386
49075
17134
8744
57799
70348
14894
96065
12763
20124
21554
44296
54374
28431
70651
32916
46141
46391
66537
96952
1425
68120
8278
86021
55118
86675
14563
75460
93155
60221
9711
97933
13065
94635
59721
19216
50053
96317
24197
53531
73579
4453
45116
55802
36493
37052
18495
10970
83182
74270
58130
71575
41100
78046
24708
73436
87288
87824
86397
5777
28837
58260
96698
94815
82475
66458
53524
17884
72591
70761
4464
94289
25792
37191
27003
34759
7229
48031
91109
95752
37288
50342
17224
4822
25285
81868
39382
27134
38584
421
5526
56125
57191
72152
90617
1355
90804
21825
88602
54924
30214
35231
52635
65589
46418
74108
20340
94878
11961
42935
28178
87092
5499
51558
99581
49243
36498
43175
25595
66072
93750
99139
30997
74448
76808
74415
4783
64384
32366
26914
36827
24139
59136
30347
5724
10273
30372
51891
52081
55410
98396
3616
19077
37774
93072
40435
85959
5834
74365
26743
39068
63726
50098
14792
80376
88306
90367
45707
11701
87274
60005
47677
29343
81136
76250
5806
13255
46945
86363
60433
25016
40666
37904
97069
12991
385
8921
87897
79000
57037
26295
64919
26790
64058
73134
88740
95509
53128
68054
61967
21102
20228
572
68794
59611
9694
54106
82055
91147
41952
96028
23486
10496
74241
80261
44594
59687
81157
25281
93478
88802
55034
6687
20661
32819
38242
70546
38590
87567
57105
77341
253
64627
9016
61836
38167
94518
61197
89665
72644
62892
81175
9163
85457
40399
27598
98634
54852
60734
46102
57995
84653
18970
90370
63137
47332
8436
33699
84908
74111
27419
76931
17753
87191
68885
37494
85963
10628
23227
95633
556
73220
76598
95664
88262
90561
70501
59747
72786
63287
36416
23763
84129
56990
46132
39555
57307
6254
91947
4294
6077
32592
55473
85449
12006
6115
78241
27509
15342
35048
2396
22783
62146
79410
8783
2484
32960
19078
57372
20784
28447
31344
83974
28692
70719
86265
2347
58859
64036
43503
19868
84671
9420
8089
86376
78127
6284
7363
83500
29932
52636
34620
1266
64797
34242
72830
19641
10489
48532
95036
41732
68475
86010
26297
70014
88939
80341
81358
27708
73549
67473
39179
68634
32498
20696
24289
46361
8829
13264
37390
54321
55494
66655
33326
69452
20056
48740
52200
24425
6453
53540
73265
4067
74118
35644
86422
97873
75065
96015
41335
30925
98620
2218
7246
4343
2855
30598
42931
14687
82620
96347
85213
91666
11968
33536
61164
7552
99881
13976
55486
30649
34712
35537
77462
78712
95649
89247
97275
14511
17694
71359
15463
48536
47423
35032
47921
7074
8213
53566
38184
47488
36675
928
18064
64146
43968
28901
26800
9924
55597
45511
69980
86656
9562
21202
23065
83536
81065
30586
72517
37540
92488
65641
99827
49666
7668
82062
28210
60537
77658
74018
26448
61226
66232
13348
58018
25775
46073
79667
41041
44749
94190
91371
78937
81109
3225
55576
98588
84818
13991
41366
50992
49014
31328
17396
48935
49175
50830
92693
73311
36982
93127
91004
87743
27207
8960
49371
27196
24013
25342
6376
44176
49507
85272
8262
13596
79309
71902
81036
6087
47823
20031
21514
46880
60506
54427
44513
39328
37899
42238
56042
96840
22404
59192
88816
18080
86898
60813
18293
53638
70843
82536
46184
41573
15982
3935
92223
18989
91250
46841
42659
87164
26671
16028
93376
37948
47558
80632
6338
12298
91533
57398
83319
72163
83719
80162
30207
2162
59632
62388
8596
31104
9967
26839
27139
84893
78424
25937
46673
48689
958
38931
91067
36672
88907
1263
44440
80906
45161
21596
53835
10261
96109
87373
56829
72033
90855
59726
62361
70352
87912
84522
41177
1762
49115
3037
10793
61014
63720
92714
908
32439
68997
7639
88346
14265
49646
13041
53710
16703
62473
75367
74344
39829
75046
50630
732
69637
4139
75121
28446
21772
78002
23259
60561
23361
25044
1447
66233
5939
66723
61690
63533
50911
35128
85736
98505
59509
44304
80617
79922
71301
85570
82961
13024
99644
22303
75419
88064
85473
94492
85978
5321
58658
63603
62871
35039
55632
29540
6119
4102
96521
42909
50103
63688
30856
79448
77023
3025
70115
82256
26173
74303
25466
90691
20470
38568
69932
70397
91868
23816
57269
81567
13877
91824
33588
50273
8233
80809
48447
51998
19566
88614
53892
70150
64203
13688
34627
55335
46843
48110
52313
46622
99498
53934
34230
927
27310
59976
48097
28157
12120
41515
49179
54853
26658
76871
55720
32551
85255
82555
95880
91234
84329
87409
54960
41711
2208
27137
83233
39052
9779
28057
39554
26873
20958
30857
75505
91209
56954
83569
42647
38416
20491
31509
85069
68256
64764
914
98558
17221
63686
84040
81439
8700
399
40323
58101
94981
35085
25889
67484
71193
18398
82358
89972
44671
39974
17808
42422
52878
92825
38777
45887
59104
63150
54346
23261
77941
59493
27434
34611
54982
85501
57320
64293
8084
44923
64408
44955
82032
6419
42380
64804
47826
83996
82883
57512
8828
12254
98099
70099
37129
85147
38750
81738
57196
44738
85846
84767
59650
14615
45423
88968
58576
84690
71617
4316
52204
70998
46061
83571
850
46443
3011
77578
61648
80306
55792
28894
89717
94074
7726
39999
70311
25521
79306
70553
28502
89800
15044
66254
53070
15465
71989
7038
34387
41777
44533
6689
59182
95588
19578
66635
77116
2379
78354
85390
79361
63199
35701
80408
96275
69776
88351
29238
38499
32317
26360
64316
96913
31815
31957
35488
45284
24694
74901
93951
19537
8236
50388
25380
26941
80445
79112
27341
49971
21395
63716
90375
39508
10426
97496
93599
40334
3805
7147
45777
11432
59004
38042
40868
64536
49380
36096
29166
88688
73322
48710
69612
79788
14312
82124
42531
51476
48386
15501
70134
19085
81403
62270
79939
76851
50417
69050
45931
34956
69977
89341
17917
9974
33747
5862
90659
28802
85826
46652
95479
51071
73285
97107
13844
91624
97157
65946
76769
95232
61606
3276
26553
71177
53828
2710
54027
87179
77222
72411
73255
31991
13807
10527
44170
54401
69716
40172
85010
28100
64661
60542
22622
82697
84382
87431
76498
76934
37598
70906
61465
47739
12837
94751
243
99435
45531
60205
19792
69758
35893
6706
59197
23712
64724
85841
39510
83454
66866
19954
20980
77657
9226
88607
31579
65665
89930
93066
21192
60320
4980
15863
46182
44015
56038
45834
29697
14753
53871
97331
63638
94224
79141
75809
67285
11679
75111
78860
93375
77734
61300
39803
3968
44716
70580
62817
15528
86359
88062
73501
94255
39189
13462
80453
48691
76791
23798
40714
86881
23877
44577
62592
29365
49668
92724
70525
1778
48839
44396
74360
58503
26768
59927
54576
97081
75404
41462
56428
56177
62651
24973
20927
62943
6669
5589
168
20905
13686
21418
68071
27765
97087
14693
89978
15913
56118
24774
69250
2815
21132
49518
21047
15608
55169
43961
67278
99594
29536
88549
59910
7818
14578
14390
26101
68830
13796
13645
73651
94205
11185
81100
10390
1237
23585
33348
60010
68772
19158
40525
86198
38485
74765
73999
80187
29209
42218
36450
99917
17138
83556
64926
21780
43166
87441
31272
16618
97647
81337
51606
62182
49697
7923
77223
23869
79841
2514
36902
12897
6237
56148
4443
19617
27698
40053
10038
87253
25335
2581
58971
49626
57296
87263
62031
27136
35966
90354
88147
9802
93584
46324
64444
43428
80500
2300
86177
4212
77687
78847
61675
57628
25623
90860
58665
66021
979
33027
32211
5428
29934
98494
41453
94567
66377
36252
98676
4342
51246
48073
90801
27250
31931
24746
41402
2311
81876
93207
6457
11598
28712
46434
94662
13919
70153
51322
35817
82326
26159
24486
57457
59198
60098
28693
77062
12280
65760
23812
90740
16296
44726
76562
24143
9539
34010
93542
98308
56775
39801
27110
17456
14228
89880
31888
83783
27603
40597
33131
6327
19431
71318
65435
34486
92613
17654
14597
99504
26330
66201
32559
29114
17226
59335
25875
65142
81714
13468
47512
55611
71376
23279
179
53720
84516
74848
79896
16754
77632
92965
17209
91308
51146
48299
94227
69550
71373
26021
93938
26763
47003
29665
81001
65494
83706
6536
54195
79260
89382
60817
5507
70868
42101
26389
41327
21385
3733
42626
64309
99966
9587
72987
79959
40283
75131
70415
23380
29525
87080
2194
62316
15118
91587
93377
26999
58484
77317
39930
38055
939
92205
80344
46006
35410
87220
11964
77847
61377
6163
19576
11238
7170
33656
40767
95643
8194
10498
29353
77078
79917
4525
82416
41011
43732
79222
79739
60750
3128
88309
79679
96136
63892
37982
80190
3399
31276
46653
45927
42117
22369
55002
24935
51776
6909
3827
35133
79319
71290
27991
39177
19883
78134
1571
94645
52685
33778
2511
5231
80260
23296
98292
59325
78016
19535
29379
80358
95524
43038
38926
85781
51291
65768
91310
10222
67221
62463
28847
34578
4398
47949
75561
39031
74097
33451
30591
91861
40246
43556
38313
35905
49523
63597
14683
91736
10091
54656
25838
23031
89738
88967
27369
35938
48694
85290
68709
57998
84685
92029
81063
53756
27578
71032
44834
12402
96598
28432
80476
62606
40615
77028
98803
4136
9345
89041
91230
91662
30669
72608
55405
85160
42038
65857
12449
11935
63264
38740
94445
64945
61187
7821
40570
71070
85932
72078
62010
48626
81374
62129
16674
87106
70732
29688
83359
6482
58914
74271
31511
32766
77695
29716
88868
4536
37163
14382
50604
44158
54560
45291
77531
50303
59894
16889
54362
20724
4982
48976
60458
86214
59500
89643
43165
34016
78319
17026
92582
38980
4736
25612
68665
38323
34258
31172
60129
14852
69682
63839
97974
42069
23619
40086
65968
13650
26662
28951
47581
70533
23478
43607
30311
40629
25426
83943
67371
99518
7169
88350
49609
33635
37929
50774
35308
11042
82098
7554
54
76767
17361
29855
73450
104
70692
94790
77081
81871
37767
86780
22597
21037
76558
63750
4919
86012
65124
78086
40793
72696
31279
88951
93931
89242
46866
15704
27541
28918
20117
20310
36658
62524
40116
38669
25251
44982
27044
17697
60533
62682
21410
67114
29172
99979
56420
51009
36324
28563
45640
85024
40232
60602
88933
17353
56687
49386
58841
53597
95475
27653
80621
6673
33492
74599
68430
97565
6581
86256
63125
75575
6165
54071
81518
78300
22827
3640
2002
78244
33032
23062
9024
4173
35751
43565
2928
39221
51332
13449
53331
96623
43347
98455
26948
90910
32601
21522
78984
58119
50429
41165
59231
70110
96589
19395
74619
96377
37023
81263
15199
17897
39806
70087
32546
85599
65573
44689
89034
53781
75050
43958
8862
1905
14659
19297
17872
87105
33551
36242
16657
31375
21216
45765
44715
89563
65705
29060
98999
30782
77333
5952
67435
87551
25547
71351
64054
48879
22821
51730
61444
64957
26639
58644
71607
50371
92107
39592
29764
15849
67632
95391
60647
54357
81410
95996
11269
12790
19733
84367
29690
69905
23578
7701
60254
24323
68983
97893
63008
16971
3406
31199
24479
4143
44632
45814
63056
43150
44030
42343
11193
39654
83295
53081
9682
90417
64224
81003
83877
41702
77207
45945
56526
12342
97889
89946
2085
20098
69827
74100
48094
31724
3204
10374
73360
13522
86289
40265
55845
50340
38136
42202
62550
7781
30900
35803
91649
43277
54228
42793
7361
10780
10204
5122
41052
74678
17639
97733
6874
39611
77495
34647
78749
95365
29227
85849
67631
72453
28150
27131
58675
49413
93129
20364
10585
34600
94992
94898
49222
89004
43154
38410
83374
56942
43388
84868
25539
82463
2280
99335
84788
55528
18991
41249
9631
17294
30307
69317
16872
63363
40765
76675
6065
58355
93785
57834
70677
19272
85236
65769
50847
79862
79603
31165
59950
83355
54614
42887
72948
29436
5773
2744
36050
80221
52614
18938
28733
30095
84125
81239
54385
78043
65927
99616
22951
19129
87386
6595
97032
31638
12764
76806
530
31245
76654
15098
8334
85076
5420
25167
32470
20168
28477
44068
53343
69169
53521
10745
48390
77244
11547
41263
50882
16066
66959
42719
6825
9807
6372
38537
39024
93173
4728
14104
48932
46228
37295
22488
59504
86067
55836
98871
24846
85243
96559
31964
12255
16078
54417
65266
77315
67669
59477
70678
91035
68807
23375
99996
3
93677
12295
2285
63037
20149
43025
74804
6679
66099
68479
33494
16832
34060
43412
55777
15546
96694
51438
91069
552
96046
37334
90169
39265
54466
79697
41621
64855
92369
40255
7063
2243
64687
94330
16741
16027
86582
4269
27540
29756
15685
82315
68015
29253
93348
24981
66092
38705
56777
38624
60607
94484
62683
81203
97558
75026
54840
28015
26714
88855
583
92499
47990
97162
21763
40305
28489
4384
73060
57033
53569
70887
44465
27934
16923
38433
11461
7751
43372
6594
16962
85722
8749
69585
14409
14561
6146
15607
19249
49426
80498
39986
3985
57817
13426
24989
95276
79778
66738
73724
1614
30576
21606
1052
75062
57357
34635
38110
78035
79005
23746
66916
78449
51556
41341
13793
21875
15644
72190
18996
62107
20428
1322
78920
4435
38927
28476
15559
34050
33807
58973
63615
29167
35358
88937
79294
72889
57231
59789
39651
58215
28729
77973
71206
54807
51389
26292
15999
97221
47699
82710
85371
73766
31768
86390
89014
8963
2703
94009
53358
46785
26332
94192
26868
43179
57103
14284
5999
94969
64409
56726
40129
35810
51031
79726
36488
50182
75950
20226
82352
16392
2177
9020
22668
5529
79651
47726
69446
61271
57151
26570
52572
7958
46801
65990
50297
86207
86124
74481
78676
52765
74744
33205
78823
77165
14449
83373
37564
22461
83362
86187
72437
99627
76201
97952
70663
33749
18248
85780
75385
10582
40763
57034
39795
98340
56937
80903
358
65244
26825
68608
37245
26613
1739
79525
88529
67511
40304
12769
53284
97218
98496
47478
95970
50097
47951
94834
79732
50144
27555
40968
1051
7686
13388
66009
91814
83582
85150
54685
14455
54345
44055
82273
28787
44586
43791
45590
48425
19253
40962
11020
33367
44896
96210
83717
35941
83508
36920
19905
76646
51922
28932
79821
13704
30130
35271
58704
82052
16958
37308
18144
36183
6193
1232
31325
47420
43704
86351
82041
15294
91062
59149
83527
7802
35847
20126
63859
28358
29872
43708
12012
13945
34425
64302
61369
39991
55132
98237
47634
75986
71201
24307
11922
15388
16507
52867
35671
11256
71214
77588
92996
37974
68393
21819
92286
61995
54365
32227
49007
35864
35507
98781
22907
33983
28472
12893
38199
50673
52472
44412
60939
95748
12495
87919
9086
73224
31904
21661
59975
24825
76280
47207
99153
34840
4713
996
91139
48228
58234
37453
99029
74128
40773
91973
43126
23450
86121
75872
38892
21430
3427
57708
58131
15771
57332
91853
84049
61974
10787
4623
60944
88141
94141
57257
29518
36123
16763
77562
62671
58508
11287
84977
46332
91514
54281
70810
40583
62011
59125
41068
74407
40516
10881
15041
13946
9953
32279
90136
55648
57833
8954
77416
60994
84260
2968
70941
23365
18575
86105
53895
73538
89526
43379
21846
90220
43979
20625
63026
51386
22203
12692
47910
20885
59717
12699
93253
19962
4897
90557
15016
39186
40883
22811
76716
87445
27178
51478
61891
93418
73003
2607
35324
82928
52429
74654
14696
38929
48460
70740
72379
37827
38716
10444
58853
91352
29543
37927
62118
2716
31258
2364
14381
2912
43948
55534
18721
39125
5139
13495
12857
40395
61423
40273
96353
18369
56162
33343
47406
34004
54878
67740
40843
75678
63239
57268
31223
92217
23497
87416
59594
37580
17577
12772
73852
23859
16934
32926
36888
36307
13904
41523
561
25803
8578
75598
90252
41676
69458
5895
34926
78989
85410
56026
15747
22339
33683
89724
92448
25558
30371
78381
41134
23583
4901
150
25616
12416
95002
90061
6508
64901
40181
25758
66117
46689
93832
82798
55919
20950
31529
92236
65861
76235
21767
59505
26401
69478
80987
81094
56003
74549
93405
64595
19667
53346
79916
67532
66563
10076
22590
75275
22191
81448
21006
80279
53931
47270
83968
55371
86913
54672
38051
27091
53395
76688
54646
65622
92279
29433
94884
60365
11244
1346
89783
89723
62394
4686
42557
44143
42504
63400
83083
93900
75280
99739
37042
99896
75305
8005
8825
91950
38742
24166
35806
97509
31923
87297
11483
12417
74876
24904
4457
39771
57241
33571
11069
66905
4280
2476
96542
17001
87351
11037
55695
17179
92609
77679
97622
79790
46040
10031
27132
30014
74251
68510
29239
66680
60675
20706
60003
79076
49098
32765
18251
14833
63711
66071
87273
93240
7735
52803
28482
56596
59447
77018
16511
98434
50598
73422
65995
32417
70103
75910
47958
4057
17241
11692
68768
13879
28897
92156
92315
21574
50904
48715
27085
9386
53624
26091
99862
18855
93460
30481
61693
80470
53810
39205
46271
20649
96437
94573
36163
38923
91870
52036
49053
31269
31908
92194
26086
54146
86136
82185
17929
53072
36939
98542
27030
22096
5462
41681
87114
44621
87491
89453
4555
38047
24591
63863
17687
84703
5944
21713
73602
27396
48429
60390
55537
29879
69332
16778
23724
88439
63224
68754
80677
18865
93635
78427
5243
52739
17398
8128
26536
88684
74617
50113
27656
62588
496
52855
70879
16266
34159
60712
6634
41260
63392
7115
63553
18011
92079
17803
90815
80691
46232
59808
42883
86369
7948
25912
77088
87680
96691
122
10830
54244
35594
15124
44228
30720
43800
72761
51395
71760
25201
30240
51311
63512
63528
57459
227
25827
40483
79811
67660
21869
12001
63506
99091
78393
51512
51204
22758
3743
8123
10196
12948
64885
78298
12479
9453
26871
42111
35954
7237
98306
79559
82998
65637
76673
88977
62462
71368
42777
84551
12802
86406
44644
34001
2571
35415
7868
86525
4415
52858
45696
713
74177
45994
24356
32012
96755
24310
66629
78128
80614
21624
36070
90102
57477
60259
18019
28344
35428
91777
16217
86588
29103
18294
10929
35330
58888
61656
45247
85199
1162
18860
25625
45956
92054
32332
5691
2437
33756
24574
75267
4842
57471
46977
76149
13864
82213
85670
49232
35441
42338
52639
44694
49308
41590
25315
68979
39842
86779
92208
94308
25784
6198
5774
36522
46749
20498
81711
97835
76297
62131
39825
50227
32234
3205
19673
35820
22713
53194
39871
80350
87400
34590
2464
45499
14303
73915
48093
89669
45046
67987
92664
42864
92256
78770
29218
94562
97899
66466
31138
33219
2376
67209
21781
41276
93156
97916
27335
81564
34657
45078
32062
51319
45167
70942
49644
42002
43321
87045
57104
53027
38366
84827
70229
91725
13866
36534
11200
44779
60215
70632
63936
71525
33558
27886
21406
15507
35189
42638
72019
2086
66548
78
20131
47146
63043
13386
78351
31872
50765
87048
30259
34666
756
78856
70650
74266
89171
41917
66532
79712
234
75696
50841
31500
60376
90028
87931
63485
38261
16612
50555
3566
28533
29843
55402
99551
86324
8453
12163
88734
40740
9416
44274
92429
17369
56267
15081
14772
27832
13429
22834
25318
26281
48275
10262
68866
32720
86165
88467
35952
93639
25629
65583
25270
10349
27669
80885
91307
62856
31187
9272
45327
99710
184
77030
40087
87019
22570
27611
2342
85035
91754
61325
98209
92551
80669
82944
69032
45272
79887
29692
52702
97387
18264
78061
48126
99670
66593
66598
20995
64954
9773
27267
65387
47506
61853
98224
78059
54680
33398
23021
96813
466
85103
34617
5309
9346
78750
85842
4209
45151
73382
63304
57203
74913
83444
63777
16191
26417
86670
6466
48491
51023
34054
45140
69125
78219
44464
43103
19653
15899
95544
46774
11969
35440
46013
52342
13635
41117
76619
18551
51075
66250
37085
33193
46877
21271
7417
14540
25413
62022
12149
41204
29023
33377
58061
22060
56109
26678
72555
68415
59600
24525
63523
91917
17130
62028
63097
73145
96236
47155
89687
88720
65843
91797
4340
27551
21549
8580
92384
41202
49658
52045
81645
68752
52856
4697
77472
41657
18831
20942
34369
83628
92026
76381
22124
60500
13091
77832
46042
81664
29370
70514
83794
79914
52989
41992
76038
79590
58267
14221
52150
57923
73755
86296
83869
59757
13933
65207
63460
57899
23130
99919
28084
97154
22643
92335
82661
92282
82301
45636
16801
75368
23901
76670
84853
72996
58004
29289
72970
53497
61581
83131
23575
5863
81459
69380
34946
38177
65586
12376
2790
64432
36241
55920
5181
94055
32910
62655
5549
99051
75987
69490
44104
85865
90044
62383
55458
71388
36119
4993
9431
11488
29914
24646
35900
84069
84541
85970
70422
22922
71211
53105
29894
11569
3001
47991
1723
23615
40403
52713
62212
7878
87830
90348
99806
16165
40103
50207
87643
91200
55042
86830
63884
61506
42432
94473
74419
22238
32730
45063
41726
81107
22515
75489
53275
97313
43716
42819
97632
71146
53413
18737
58092
10432
85423
90212
39832
50218
25618
3292
91040
57566
28994
40081
1399
86548
1168
80769
80
8083
78640
31531
43442
47440
45965
11038
67557
76247
36732
2840
17851
9040
72203
43772
10002
77351
96025
35200
18974
76111
84433
32241
798
57341
71520
44566
56071
97823
52100
90039
60663
88608
15304
69030
692
57916
34150
14901
47051
9714
64269
43866
69160
51759
49648
13257
70015
81841
77
23539
53863
84160
53094
45240
4373
7538
97279
20793
23470
59932
38109
80716
63309
85543
93403
40991
39116
85548
47621
22718
64760
4800
91939
60006
56579
35109
48391
25496
32358
79935
69307
15138
26982
50214
40360
22317
3902
54950
80603
48860
80810
60053
23332
75873
53291
38786
25592
86570
45166
83639
79588
40961
49263
78752
78780
91918
94135
76265
54940
94295
14808
49496
26892
4715
90588
27329
64294
86271
96567
44209
66552
29899
72975
98081
64361
98793
93499
97228
62487
32717
99855
14364
19640
96130
35567
41553
5493
74667
89520
75409
93065
65748
49202
21755
49204
60892
5281
33669
61328
48332
82592
40072
80247
56640
68450
8465
55004
61492
97527
39886
32570
2384
54539
38482
79770
58668
75048
77583
63236
50621
90105
95279
45883
79265
16708
45217
40353
75546
60405
18706
26849
40259
11158
59960
18343
32945
15283
21550
47110
67200
92238
62576
75846
5324
72423
78595
24089
88616
93908
54965
83028
26346
35158
1217
82804
77503
45943
128
86617
83814
41779
43096
12953
84270
25176
11785
50123
5486
50796
93417
75771
37693
32225
16541
73103
12993
45372
73118
27453
90366
24816
85920
98479
97789
68099
84855
21236
57285
98805
83027
2545
36010
32897
300
59254
38662
36208
5326
99894
4271
81224
5550
25850
79637
226
11286
