59808
98950
13308
8265
28328
76525
24257
60112
76739
99495
50007
157
20571
59389
35208
77997
94750
50220
44462
25841
78989
75750
25397
23586
52953
64318
65087
47345
72162
84701
12917
69388
12334
31950
10034
40559
17936
20822
59499
86395
88797
80752
94313
20891
76805
41694
35041
77959
89864
69972
72994
20623
93149
4170
37225
38432
78348
62960
73612
34279
19211
7718
12431
77702
74770
15334
30264
96257
49778
37208
67579
92137
31131
45545
9150
78426
37706
39069
81652
25726
87572
38525
78432
20356
86794
42153
70107
92798
97866
3585
97198
6177
68649
85465
60053
16222
16794
80202
54194
14562
75033
40629
80607
14454
15675
85468
57806
79162
48223
95701
31965
52340
45312
19539
47570
16702
36952
23218
61849
66399
93897
16768
12377
37139
79411
86784
26502
72236
16077
60076
27216
53334
26842
38245
37326
57023
26570
38836
40340
56370
56560
96677
52675
6466
89642
80893
65770
38272
81548
79241
61331
70167
10958
79586
62324
1078
37446
32617
90267
68886
97437
70651
26804
265
78215
56483
18324
29959
86120
41771
29372
53891
588
9234
23030
648
70325
46261
24670
4665
15416
15964
25958
30118
54145
4279
18118
53206
6404
96808
26498
54769
20747
64811
98486
64850
33244
37827
14987
40829
75725
99444
88373
77777
56163
3844
76934
85515
76578
80715
67056
72223
76236
95228
2892
60182
52633
31090
29776
55458
4911
27380
26925
77167
63286
74410
27041
60398
81139
13629
94967
15852
28748
3579
12904
85434
20925
16825
69575
75648
39374
30533
43582
72125
36521
91539
24287
2980
88321
87039
4277
15278
30723
20980
54943
80556
2053
62666
64365
48109
75271
66947
46920
98491
64244
40375
615
15035
1439
20667
52958
25127
64392
2552
43374
17217
77880
82927
90126
93336
73619
88792
66341
51900
1290
15599
60156
2667
80496
51910
65182
31083
7966
37396
14591
72093
44418
14724
65718
65838
29271
56997
43382
46549
41595
87622
78099
69948
44335
11231
89821
23755
63894
53461
62455
38054
83495
36966
69292
42720
88750
23916
79980
4020
32035
71433
7710
77383
96643
37923
28118
62916
3590
55802
60472
24424
55117
79633
90732
33559
92725
86306
44802
88845
45936
89913
86823
87931
64443
43309
34210
72658
24576
20334
1683
14085
49569
62256
95985
94290
60147
8856
53181
35080
63047
87658
8935
65460
34013
75987
33384
5118
29270
37493
48934
54750
73868
97758
99865
42073
73253
60775
64660
56457
49839
56044
70853
10660
97867
58413
79015
48333
9718
89960
56928
97407
21919
50520
69468
19410
13287
42542
19783
65437
92099
23772
22957
26699
3181
72564
15793
47184
53025
18128
70407
45477
23576
68428
38217
33256
98488
35608
87328
8700
70717
897
97598
37103
98347
36417
2251
27996
84545
35957
31177
23762
39151
1075
55722
78386
90786
75900
1142
77068
97371
1241
84082
5633
43551
97567
33657
68884
9293
97423
7302
67243
84073
77056
7654
63806
5541
95481
37001
18996
9335
95340
68246
63897
27848
92320
25671
39449
78517
57391
60883
28189
5010
87884
41802
78230
28758
25398
50003
56688
71358
46716
30499
72812
35955
55952
24429
92667
28784
46302
36859
23189
38662
83079
63690
34221
6392
34095
73709
89891
38042
96970
80793
56628
41616
64393
30781
92573
70126
4171
9890
82330
73445
59206
94692
72771
54576
88166
72071
14687
42763
39959
35924
40026
24571
95944
94288
92501
70924
83812
28437
20639
86366
44627
16490
84289
74254
12475
27207
67246
46409
62299
37897
12518
4089
41868
68449
22055
524
68422
10864
215
28779
94352
72715
5793
93255
17214
66597
84487
307
59531
1831
85674
25487
42862
81294
77676
65741
48263
88522
1785
13324
46912
59785
15950
42686
22666
42110
41406
45790
57812
12030
67159
46776
96466
25850
80819
30267
33343
573
37210
72164
27134
57627
83881
94248
7410
67232
59078
99122
16953
9115
24695
6358
92660
5090
93260
89388
21012
42436
64091
28700
50593
5468
29843
14814
95513
81276
64846
79997
32117
40715
751
81989
79556
776
53936
41913
80886
86746
37369
39678
20656
92151
72685
88146
47991
59633
44640
74532
26155
92173
17275
1030
75221
51323
95717
99457
47709
37514
85146
7136
75334
55699
99774
22615
54285
92990
96662
67004
30184
13895
9990
73471
22274
93872
19343
45185
17082
1789
8885
22377
21359
19477
42882
24482
85388
19855
12215
97410
70644
98262
46806
47413
1624
36034
25112
99643
54466
16975
94572
40320
83374
73604
56472
53071
4405
6162
12464
1829
21669
24972
30956
77432
44887
36708
56686
43969
27422
38181
86521
13304
31842
54042
29948
4468
73897
72876
19811
63321
54195
46775
78489
14268
9344
32305
23244
6663
37320
4616
76938
18979
92473
24578
20315
99879
60230
2426
87885
70538
39337
78168
3669
55226
88172
42498
13386
58383
15160
28666
44588
47173
89389
60217
62359
94017
79026
2716
28724
96997
30114
80206
65842
84513
40558
56331
65395
76420
70152
93684
39645
42778
77526
72232
9011
68050
17076
81353
39665
88368
15393
86977
47912
73909
37752
60843
87642
6731
27211
8790
90541
64426
24965
6292
55227
88173
26270
96369
67887
50806
56097
84410
85214
29937
12970
77863
76357
53274
86442
51126
90930
76601
34880
94239
82059
23031
69381
80989
62125
77270
38189
28482
43523
52565
27265
9958
79711
93105
86207
89643
95222
22253
32779
63280
1022
87842
59091
52753
75839
67220
37544
2162
70727
86134
46667
154
46861
12175
78681
31810
67162
98311
84985
80094
42773
66927
93820
46865
49568
67544
88927
29693
25146
55332
10865
75091
7525
19879
78843
67726
4511
9351
81003
75127
56034
90130
42796
84541
12207
3887
82697
23566
41817
14865
65464
16326
26738
2340
16805
52395
386
20569
39271
1165
83489
404
93259
78683
90202
795
18143
76941
94730
64580
48401
68198
15427
81307
13571
72455
87562
89983
60291
91432
8384
37773
32354
19538
82388
63139
955
69325
81981
73555
37174
35403
7540
64228
66314
90827
80530
10819
65765
96560
6557
75759
15990
16632
8060
5943
29152
98477
3198
47485
62133
29445
66605
84868
18446
75434
12120
13542
65987
66741
13346
96795
93041
35182
50012
10851
78107
78746
85453
14029
58156
88101
50820
88017
92040
24068
98548
69431
3572
90241
9016
14224
1129
24822
6947
12468
97235
88810
36664
94587
33982
23878
56624
87619
58461
23679
63374
10232
7312
85574
2000
56631
62724
58885
18286
48524
45101
30101
30068
18904
44763
75117
64055
1495
35480
72995
25284
60184
15980
60982
5399
23761
15516
54758
96806
21049
1423
9763
90712
57778
25732
88056
58507
45272
54638
65920
44391
20626
69197
60941
27964
19634
61733
84476
84245
73396
22774
16046
33217
94102
49835
82534
56693
32347
17170
8027
10008
47135
96228
8156
81540
45138
47095
57588
78133
4705
98154
26133
62845
32164
91111
60989
16678
14850
66020
28262
53398
10753
51915
41305
8707
28457
20180
2904
29674
17426
97555
99825
87263
70274
98977
77987
29369
28040
90222
38653
46321
45515
21966
58123
69171
3424
92743
15134
76397
20781
21921
82823
44317
83933
93005
57169
69074
6888
30806
89819
22744
93738
13395
7376
51409
2816
43110
57373
31505
57120
11230
31369
47085
54007
20057
53328
87786
3832
98644
41067
25084
31280
92585
12348
63415
83754
12147
71682
83765
39158
62761
34731
86189
20153
25725
73516
29312
54799
32424
62601
27727
28698
32169
63751
30582
92552
46551
54596
70541
39748
70941
45485
38338
36334
66339
69612
83095
56784
72998
16916
9196
68524
69756
13828
11217
27595
72163
8588
99230
83302
21776
92406
84471
71091
41949
93622
82116
5845
19350
87407
31027
6624
79725
14925
46034
71048
35835
39342
95344
78465
46038
27999
73333
12301
33793
27270
84078
25263
65700
93249
7900
84083
5287
48874
45841
20723
35067
76168
48856
44303
28556
92415
13547
76220
74946
68923
76526
84411
45064
33444
10056
468
39395
17876
11799
17102
24848
87538
74269
86003
92335
38148
29725
39667
3521
66655
94356
59114
90801
36912
6351
8904
80295
61713
29087
33509
33388
96326
10986
40646
70694
88807
68526
57184
21541
3971
49811
35629
93409
70378
58499
91900
69779
14354
70273
89880
4215
82509
72222
87385
65165
86002
82673
67727
84935
43462
89331
44196
73191
33310
84001
351
70259
58825
84966
88117
78052
79264
52680
79769
61580
76361
38966
20970
5843
87908
87922
90570
12496
44279
43415
26240
95886
6130
68450
81623
10252
1935
33316
22037
52681
69905
54077
90155
14083
46868
61605
30418
54088
8518
27349
62005
93547
1277
80982
96461
26686
56325
23607
51840
8070
38699
56625
36096
47571
35419
37586
45747
26375
7098
17174
92476
54121
64637
93411
82742
88727
36612
78011
19078
38447
96535
68957
34747
27853
34806
11936
52888
46847
15199
99006
3479
96053
16038
75914
25808
16919
40862
76946
47525
1100
16782
14174
14935
41746
12039
27684
50562
50404
31084
11436
51664
42475
14575
19147
23928
97627
52923
19173
28865
90891
51644
81774
88973
29256
73524
3894
67285
35049
38692
93523
70685
86559
39669
80436
73076
45478
53932
36424
46213
65168
36962
96605
28800
13524
38051
50248
85153
97984
25570
2330
48253
31014
62720
27094
63138
3391
40353
34842
79283
99893
5288
29409
81641
56341
22473
17302
80333
97542
40524
59615
1099
22596
97336
99409
80536
2993
19392
66851
46169
44252
66195
48981
18285
78679
51577
36711
69648
23750
59040
90890
39465
68451
97665
25678
70310
87669
29446
15395
57018
71001
21530
95780
4048
13106
45082
62323
28542
76448
58261
20567
33580
23125
49397
12362
58185
11190
1708
67069
6182
78641
78715
30942
84902
16212
22183
2969
48929
71478
77903
86978
18467
10080
87664
38280
56430
71035
92326
97657
84637
4111
30148
74492
55129
12124
45107
50227
9175
35238
75031
96255
77104
83456
47223
55023
33307
38516
28834
38755
73453
98153
64082
27178
3481
1796
97012
4274
65840
7478
50831
90315
1833
99337
90507
17286
26889
15305
87024
35622
63709
33102
49625
57541
11185
12886
2106
95283
61788
22128
43028
74888
91688
63362
75300
25532
25926
99663
39853
51197
59898
63091
53464
18200
77232
87145
28932
45484
85068
2249
21277
2257
74603
56127
14874
45215
99493
45769
26516
77547
90873
38670
9322
23620
89867
61241
6053
27318
4907
34450
58417
45550
86665
7864
35214
99719
42994
25964
20788
51650
2548
24545
31556
97159
21004
9727
21829
87296
33369
81239
20783
13572
71136
85684
91085
50737
75842
17714
30973
91712
54378
2843
7971
78156
13136
54789
97376
73575
5160
27112
34838
75659
82689
82323
45710
53079
42299
79821
4365
39795
65983
80201
13801
98652
40463
89118
96978
20096
78467
18106
40251
32351
42072
14576
49866
33927
91945
39982
68178
81401
15665
84745
42424
3504
32120
51535
42322
93267
19827
32587
72648
82213
89655
41704
41877
15324
85975
75365
40410
77854
67706
12004
38769
64112
97949
42889
8667
4174
74752
50809
88096
84119
71214
91474
70994
58218
16720
25745
72007
72002
73525
39900
72252
90003
7108
75070
36384
70793
39817
39464
87775
93330
21462
25130
20574
22166
31311
24591
13659
99966
57808
23725
38204
22407
71271
63318
85076
44603
28977
93446
96744
57222
96256
11982
77451
90793
43596
12532
89774
72314
79559
45093
94121
37058
94678
39636
5440
52264
25966
24407
84869
68346
80846
23506
23
93300
53635
3682
10611
56846
76157
53093
41345
62826
14086
87706
10197
97081
74583
92883
40797
13862
51591
16359
3118
64116
1135
58246
5608
23267
37441
33636
42631
159
50221
9183
74659
81463
93939
83888
49419
90299
99690
90117
12925
70176
42242
50112
9192
87387
90837
23764
99496
4689
43866
80089
28071
201
17409
53656
6462
27514
49552
42741
10390
38928
58836
70647
92753
47183
65804
64328
67479
3040
73833
56540
83360
14014
62129
260
61860
35169
98155
74378
85794
80133
276
68927
74401
79186
5246
70123
72120
12306
51181
53407
87504
85572
31545
9812
12556
37591
94864
31394
47030
98079
43127
23618
35579
34244
94980
10431
39009
55986
56561
26341
29910
14716
35961
22922
68575
58765
73131
25921
99605
26462
78827
42399
80468
58539
43202
11531
91106
29155
45791
12476
2135
88208
39347
39284
38354
4045
27926
21847
92324
89633
447
60449
16058
38455
51562
67146
2666
26662
14109
13314
466
38654
56787
71103
84284
5599
67901
37797
58537
55990
28300
58068
4002
69328
13522
5699
13111
82285
88933
84571
43176
35819
23906
39104
23688
85474
41361
5455
65191
85192
66361
24731
97289
44673
95632
49249
42314
56017
12806
21244
65673
82812
71820
20171
47098
50619
36529
61553
8155
85852
63190
25270
4483
27767
84532
58340
94582
9879
77548
31494
47806
56400
35689
18372
16967
47027
93412
15480
71054
19525
82391
54464
66349
69968
24217
56199
38459
75651
43540
11756
39191
77562
33515
96324
4231
33569
66815
25275
23655
99349
14071
88029
31518
55886
18078
21758
64984
9042
84788
55027
72341
31261
72533
64877
7897
13509
97455
84907
88372
59193
92767
66287
65251
65371
78101
11717
38648
21891
32151
76158
83736
22655
28199
19870
54977
91890
71226
74462
16925
36734
99691
55028
86680
49875
24063
3781
1218
15961
67464
31776
26323
9029
88742
36113
39995
58382
19492
27357
13379
74339
70666
32135
29004
1065
94095
15553
80357
44475
61205
96295
35295
1115
52845
48037
94186
50501
22169
30793
81405
83119
60072
41780
21267
49087
70563
72683
79749
45252
49671
33622
1215
36619
30988
73885
64913
3501
65545
25571
1248
37353
73294
48921
30979
85816
65705
87184
50424
97239
59087
77163
73617
51920
8590
67248
80783
24872
4692
41869
26534
33631
53500
83665
86783
38810
56106
1467
44978
95014
1390
1396
31553
76239
5336
43473
63693
64444
3052
30982
45988
88334
17889
52415
62741
71212
44156
42983
57923
53428
80426
15632
40793
32154
87355
31168
71374
95207
23534
64394
41008
2193
74369
14424
95991
17402
95306
83989
15341
47758
12010
20761
48553
12411
87709
92172
74496
89856
27523
35106
24716
94693
67138
46815
38258
31548
95064
73580
28258
49448
64205
22520
39304
50552
3310
50509
43101
95773
79081
1797
64700
54914
90307
25269
62149
2334
51072
74112
80451
2876
68362
12930
1925
69030
1969
7844
14477
42433
45240
29617
94122
78946
94558
24255
54807
85514
88593
12021
80797
68440
3574
71440
90538
88235
83464
43744
69400
30201
87659
93878
34977
40188
88619
77972
60446
89499
66248
80869
64200
87064
49593
24803
77682
3088
98809
50293
67562
37458
30570
61921
84327
94085
28333
20292
75609
28294
30187
90828
88328
26364
55649
20477
74050
2439
87063
71660
76151
68855
86154
26719
89961
59997
87341
90525
14714
25051
16780
64103
67743
34069
46770
13387
36450
15575
92145
81821
77522
82083
82849
75668
81639
99058
51791
14178
52759
32969
81899
96641
95046
28773
41531
40285
10982
5706
43708
26607
57723
38805
84643
94996
97879
22452
50408
56725
89374
25565
93111
84900
59346
36854
96013
89863
92589
75605
4010
32426
11828
96062
89603
82836
12913
75655
27922
85591
73239
68458
67517
4521
68802
10948
79925
82167
38567
37050
93233
69385
87998
50847
93290
40483
42785
4295
16786
88989
59398
39710
28582
14350
31380
9319
43847
31542
13031
91157
76442
51724
53595
49767
6235
32534
53671
87248
48396
4879
98309
35132
56627
45383
47819
84749
99852
28562
31484
76666
68990
23418
24433
74197
4515
13446
4026
6895
23676
12997
74361
50618
34603
17410
45127
50130
65809
8161
82472
38440
76924
19096
72269
6361
4704
46416
81601
34976
82507
58578
46447
48996
61787
33053
64745
75301
10693
28928
96650
86144
99490
5252
27800
94302
80892
48035
9327
46305
96099
81885
5675
91798
62294
68765
77371
80462
61417
79396
8367
30789
87183
66785
63853
48331
25080
6798
34176
97476
70163
58553
87324
17335
16069
78293
47594
79715
19642
77671
49104
42321
96086
53657
14469
41656
92576
64482
8515
28814
22163
52481
56462
31458
88802
17056
21807
11916
68801
58915
72017
94872
659
13735
32775
8600
36972
21878
14381
39180
36157
29140
11962
25927
83748
63800
2858
4162
79420
72933
98317
12434
81993
29284
30929
41416
66577
55701
33066
89866
12382
19259
87144
45707
21786
37487
48496
42875
7993
85140
62672
76007
36065
88167
119
47007
17709
3045
26003
7181
97099
60625
14683
67193
38649
47053
80494
82194
96825
60348
56113
17821
28061
53556
92271
46691
50278
75853
33896
42071
9216
99103
75884
192
56611
40761
60950
80711
3293
74853
87174
96673
97904
220
95479
84237
91486
89681
36001
94727
94708
98889
11284
42708
251
80395
88323
54011
83276
71346
50436
35820
81614
74317
26933
68457
84075
68406
15280
34048
54583
68522
58281
16074
2617
49316
47595
97003
20208
27817
70746
88424
29438
49119
25104
81883
68273
17551
79712
81651
40050
9759
56322
28351
57123
12686
74334
11063
85638
6612
47786
79524
88934
56205
48288
38747
90756
6980
78100
48227
81902
49910
63448
7975
22942
22917
14190
2859
70047
33411
63873
53945
385
7265
13255
14689
11455
81415
6915
12280
19504
63129
45164
30782
15309
83895
38372
78304
47727
32699
64473
94837
21923
32900
12615
63070
46587
16350
19203
35045
13328
56104
668
15121
15647
16372
51842
76320
1980
44688
27358
67558
14373
73162
76775
5145
7902
3723
46568
15178
23615
37963
54670
77334
67467
22807
33859
6286
61676
54204
65192
37255
89513
58244
11353
16336
98583
75068
14549
95642
83455
21875
85155
21273
28112
69463
50418
51627
30903
2536
81608
7444
574
27952
32778
67321
26142
40425
61229
10575
82031
6491
59589
74478
49871
71777
57392
57105
1092
12315
13349
96312
24688
27369
8952
77250
23567
55915
66355
1845
15250
29808
94578
67242
38796
1878
48853
88935
77313
16709
66008
53466
41801
30287
3724
31174
49581
60325
54965
23760
46217
8267
56039
69943
83908
10617
53545
22920
45065
69826
82944
22112
53980
73342
16281
69808
32880
68874
11686
22851
92188
61143
36583
60511
39777
67829
29833
38861
30724
26465
38657
39721
35440
49261
40028
32546
69008
31934
37809
25704
57683
61959
89400
54012
4030
72499
71410
98349
53064
10840
61036
88124
70465
50269
61448
70984
74800
19234
56329
97004
7260
22632
90331
61891
77137
46870
16595
17692
73259
54860
35225
33183
12128
2085
91882
68504
97259
63504
25633
75066
94685
49385
98580
33640
4607
90017
95816
81776
48655
78498
25541
9974
14942
5679
37420
40966
8438
54873
62187
50341
930
88499
37846
84469
61041
6839
99581
83814
45786
96629
44761
36409
30204
79302
20968
56132
93372
41775
79314
98587
96066
40325
8814
84810
10885
1380
12555
9440
4940
47459
48118
52042
25060
70078
74838
12421
13303
79612
14012
38807
29272
47636
73349
51296
83492
86152
1048
53124
37019
67091
28886
15631
53803
35168
35568
91682
3633
9733
76744
28952
21206
1414
57037
86760
4209
28026
49098
78613
68586
57493
21519
58174
17169
24232
7969
37102
52189
33197
65856
74514
49401
4379
43827
83153
35997
82343
11046
37731
21056
52924
35036
48472
42826
49590
80743
75346
29685
81720
95746
2086
98016
83777
43759
11815
70933
58287
94690
21234
99027
26316
5646
21471
72377
77888
32184
32616
23775
66051
88847
95051
69002
69365
62158
55906
45369
23917
52126
45449
1402
1406
40070
4991
18422
68925
70947
11603
88194
28127
94408
32785
14349
46394
59647
79187
56914
83907
37323
89288
45799
87770
90177
63408
90537
23701
58705
57752
15036
77404
39469
7561
81725
1542
97985
24997
96404
60172
71209
63977
99812
12791
95926
20122
38777
43278
12442
34839
44691
21840
95192
74599
60811
58538
50155
47818
12247
51602
12122
95269
3155
85518
15951
97221
66126
30146
19729
59080
2321
14274
12825
30016
20959
11191
46343
44727
64397
22079
11181
34840
74076
92050
70989
25321
11071
59284
4721
91030
20395
40196
1776
37860
4695
2750
84214
45680
16346
8960
41153
93180
65163
4766
87969
20207
19570
66151
86311
50832
57372
21335
15698
87224
77882
98576
15695
20819
43436
83703
16492
48034
78798
25106
40001
75941
77668
17508
15699
85422
12148
27283
90272
35767
17724
6797
4029
82600
62591
30902
73498
41293
84427
79562
53896
80726
74994
43597
45608
59688
90066
96924
57964
44426
23771
7624
28620
32578
60910
17194
13702
17047
44342
6929
16719
65967
86261
30141
67981
54010
9829
57915
55613
58780
44666
52793
14860
67462
30952
4369
24175
32650
58932
13329
38526
44878
41026
91886
92156
82440
58920
51474
16252
24691
42656
22919
27356
11920
77486
19420
80980
2422
23063
79707
62063
8495
14542
4370
49779
91266
35144
25984
44634
38787
39676
95732
35259
70293
60715
50565
8232
36083
2532
93106
48326
19627
84185
58387
94988
90064
14889
6630
91745
8854
97261
50595
31927
62266
17601
27127
96047
21889
93664
87823
42179
81955
70388
52235
63217
9292
25231
2686
63834
64975
19780
24046
53949
59413
8986
55753
41525
55002
75961
72469
97778
50184
9563
16155
19300
58754
78931
57447
57065
76574
57178
47569
31576
70182
42587
91975
13606
75240
54259
97562
92969
71345
27504
61092
71745
33861
2995
32804
50461
58275
45887
4273
92347
61997
47788
45886
46462
88622
15894
84770
42616
40549
14365
52733
31398
40993
3220
21432
71112
3242
89279
51022
38727
87082
53387
80330
73889
3290
73066
35324
79569
57491
3348
38246
98556
97625
3378
45192
68753
22440
59713
66700
15981
39497
97049
84877
82814
43753
88450
92535
86825
37418
58033
62507
90479
18056
28716
47423
3638
52875
33073
3668
98186
32500
32983
94438
44695
72810
86440
40127
34097
42027
31805
42925
21348
49620
95431
22719
98439
90603
10133
13746
81797
9896
96233
25631
73974
13482
69894
4001
44393
94003
9567
92252
19223
61726
43928
4109
87264
79812
29900
95206
46579
13302
28067
74090
45549
17099
13816
89818
10347
29926
32449
39159
25928
30668
38090
45448
14145
93530
53516
67493
53666
69719
93843
23502
6420
65000
84249
83078
70502
76759
17622
35038
66791
40647
24188
77065
18040
32894
78160
62312
98300
66508
37069
9875
38984
77565
19824
21084
31393
45681
33703
82993
88212
72484
87121
23716
53542
24527
82633
23753
86923
82279
30834
35791
46249
18796
51163
71419
31707
73584
86354
28600
99486
64133
15792
41209
17734
51302
80178
26798
74345
10912
65674
99514
9146
64081
5963
15300
76986
46888
67160
44845
83903
82386
76435
17177
60627
89847
88877
42601
94334
20866
49808
68903
61374
90061
19121
43838
17617
28023
84253
84503
87242
31797
69156
60155
66948
82187
7509
6912
71255
96156
96648
34306
91624
51918
91771
83581
63973
54380
71581
69465
95170
27110
66776
48850
96337
57104
55984
23208
87009
56249
83561
16076
24254
44270
64012
80572
57396
74654
44743
90102
78452
69135
81350
7212
61099
75040
29785
3274
8474
63515
79133
76010
47759
91662
8162
72431
18917
79378
98264
57507
94799
21905
64985
43354
35605
2063
3342
67254
14032
15401
5941
77753
77112
97392
26852
2443
35270
49846
17580
82582
37832
14767
42055
95132
92727
23368
71085
33597
19439
14512
90613
95485
63940
14192
59737
28539
23547
13958
48409
27508
74988
34329
40453
20590
8860
68153
54008
94611
96435
36167
43065
12786
85457
18965
57712
27968
72577
14147
35279
26466
33860
10852
78118
52861
4713
7296
55466
68840
47301
37669
70527
175
44901
46545
51749
54822
34557
57885
48239
2231
95417
181
78297
74268
67698
4475
19959
32850
58513
13672
96101
14123
25728
30481
68590
52762
15686
87037
65398
36280
51925
72947
226
222
78446
81443
85654
26288
35421
15824
14845
7685
37009
88136
2631
33269
34805
62543
68598
70081
76531
14344
87115
29739
13799
64758
86648
40573
262
4741
63078
59954
61158
22411
4102
40981
33888
1111
18834
39097
93655
19013
78157
31509
74802
91033
98779
21107
82288
309
311
50140
69731
42774
17211
41160
320
37106
90088
19086
31391
27254
46041
62207
69724
96852
16126
8569
52221
77721
33602
9905
52077
1853
77300
29741
66093
84865
27059
58603
2421
69491
76795
20903
55993
22939
69569
97796
14309
85207
40317
52462
98848
408
79698
21540
54872
75097
24627
30745
60436
57193
17955
38159
6605
97409
81616
72772
45982
67843
46756
87000
32709
43711
78848
61677
4771
92309
70659
8345
46718
46769
55565
14244
15376
91736
37551
91476
92809
21502
64327
3543
44027
60568
6586
41255
7883
67583
36945
20241
72221
53245
17343
11305
47654
80057
6777
55718
47241
5523
87306
10363
94419
9553
72485
31859
33034
23377
1261
29447
85331
12218
88232
25932
14185
76758
581
56542
40234
40510
63954
30590
25876
21920
88548
13969
87280
25881
52913
18360
75148
23321
42567
46989
90316
93428
44985
59427
37913
14903
82008
81001
93910
30381
16772
7771
90424
63571
72909
39030
18735
10453
8386
28799
29292
73356
35612
28237
99674
50515
53645
81747
14583
64631
663
38898
39950
53230
48023
49681
68829
93883
95770
51013
97219
61332
54700
74394
19458
60327
94679
41532
37870
84074
70317
30182
92174
26818
77337
17192
84298
6675
81029
54053
81574
53248
82608
62310
92786
42650
50585
86194
54820
64935
38299
1474
55183
64050
37871
20937
64322
89348
77610
25890
42694
80363
86256
56912
46172
77728
1305
33204
52348
96904
95724
68127
11068
50980
14938
3309
57377
73439
13343
22738
49301
43162
5868
97921
89669
57472
32416
96044
44804
77399
8393
11100
24157
65045
53161
45921
63810
7018
90386
90019
13952
70504
92712
84930
93115
98989
46362
75305
6181
95434
31147
23228
91447
12269
58942
98246
30887
62212
21609
71737
91981
16667
47082
68312
47839
60888
15782
65948
59494
14078
78723
45711
48636
68430
25037
76241
32220
33965
47706
40786
1589
31476
17828
89170
932
935
69189
89299
952
48142
31389
75524
56817
36195
80547
20814
81691
12136
59309
15431
93027
66879
36613
90789
96240
68557
29831
76922
36802
94436
86308
9025
1809
13912
20867
17236
85147
24414
10776
22930
56240
10241
77781
26749
15624
93342
93590
58775
59661
49084
99425
60561
42726
92120
42325
14040
16150
15908
15691
38244
93865
60052
12826
99228
43445
10633
37750
40043
55678
59027
96718
6240
79016
51179
77366
66364
84151
40099
58605
85955
7267
77686
4374
18370
83987
11081
3625
95511
47760
66764
49664
59074
46471
98177
82197
59748
29941
26111
2253
8948
16029
21023
80090
33367
93205
67256
41768
1198
32250
21127
96683
12325
71616
38756
72086
37356
36782
10161
43484
56261
71362
61234
33851
12513
27497
2736
66864
73351
30010
60986
20555
59470
26431
51129
49264
94822
4330
6666
10401
77364
80915
1399
87373
25832
66058
15097
94599
91869
57271
99902
39703
99123
10140
80334
8673
58190
69571
31347
57072
83146
29279
40623
45020
61895
33837
70346
63939
66729
15333
7519
72098
90195
43036
92558
43529
40162
59355
88620
45173
62868
51188
2600
15872
99722
63028
32166
61857
76281
95590
24192
27354
80582
3430
32316
56306
30295
8037
7088
81591
84851
98179
35033
41132
8908
98134
55893
88799
75840
60149
63525
74413
32340
32001
82674
22429
1534
74395
7756
50685
95145
68777
11736
1634
34467
13298
68498
54717
64036
79280
71465
55991
1575
54803
83389
99793
16055
70467
45211
7750
29435
3079
93747
85506
79677
28285
27129
13663
8118
76473
94202
65939
68702
26376
14119
70255
5277
25916
2267
38589
2255
81111
45592
58217
1684
38582
42215
72016
36748
77709
32964
8591
13964
79135
67788
62084
65149
48163
71081
11408
33131
7780
10297
89408
15770
43155
49556
91782
57381
73450
65951
86192
91121
80022
1787
77365
69316
84095
89838
84849
21387
53200
72872
25956
89779
73018
86990
37488
17205
67529
47958
50746
80684
43800
38798
61731
78682
95619
32510
6520
99816
3646
9036
16894
75511
98420
70034
1953
22104
98615
35077
33854
82332
88985
46978
85462
7656
72526
89328
97335
66765
2924
21228
95389
28945
24439
45890
17736
82510
27060
79919
31974
64827
6968
92414
77314
88915
67911
47333
2113
72901
53463
23731
78313
44008
97136
91815
75578
31241
96307
20922
42313
39723
15565
12297
66515
87209
41935
32731
50030
72879
86358
46984
96100
52595
37149
92405
28994
11236
30589
61961
18076
70923
61151
84466
24805
91046
37256
24233
11755
4000
2303
92639
9268
5635
49932
35842
88037
62815
63018
94499
56115
17220
36983
9357
26469
18557
57202
99227
33240
62082
85620
98555
37107
81033
87526
60471
5698
39571
6460
76390
94694
56636
89083
92027
6703
34451
41036
42140
77168
46992
47879
3888
2472
52163
33956
13217
58131
11636
48286
22540
59974
7965
57614
77855
59031
40226
88300
30991
6175
59611
13282
79424
21219
9565
9717
26981
45061
53611
39099
9939
28947
75037
90675
23719
99931
21491
16296
12742
14956
12533
16569
43051
22492
48160
80338
18138
44817
67414
89888
75118
6254
47962
98915
10701
57536
93498
21262
50634
35647
51236
3655
33166
74281
35062
68870
82955
80939
50339
96928
6999
71210
67577
22604
53090
85730
95077
16257
38564
87251
75868
55326
57429
4610
95580
43995
58302
75703
43801
2991
59529
57982
14818
8821
39905
38117
30770
91947
29165
59581
11325
9592
40624
54904
39048
51669
68893
57383
95790
14271
55289
10652
56610
26248
69517
52732
18396
47756
48712
44464
40428
72169
83447
65533
27031
81922
5917
8428
84729
95686
34081
30937
85938
3996
67483
3300
70999
46237
69814
50589
91957
42052
48481
74841
3704
14062
50017
67944
54785
78224
32602
26015
62631
56534
18379
51084
35088
35741
89362
80941
89697
11001
11846
80602
78306
71473
73682
81823
19010
73241
61767
90678
23077
8279
21764
92878
19692
60688
17579
64294
72823
3739
34602
26500
53913
59227
43003
57906
27186
30170
75400
47528
25352
88617
62745
57698
19878
91190
27125
44842
69872
13951
33794
48739
73969
41055
15446
79540
55299
26797
78914
37118
81352
22976
48598
60687
77080
71561
18119
48432
92748
80871
33688
96265
96250
14660
49031
97374
96459
42734
26724
95793
92373
84164
59001
67234
52366
47107
24662
70242
68243
80149
12639
25139
4441
99479
10944
5818
76060
77751
54471
84555
57770
78981
10123
24438
40755
4715
98856
54220
37494
10905
13662
57830
6619
39737
24321
67509
23440
80012
86675
85914
15506
44587
81374
49163
68723
10402
79116
74383
64354
64620
36867
44550
27311
55704
16089
53212
87860
42721
61156
32238
14311
48764
16816
7102
43142
51398
96107
65896
26318
32419
94087
38287
29301
42822
60226
14456
20522
75481
79406
43375
76298
73626
18543
67137
23450
87513
83086
78790
41006
61069
62367
79892
13419
30485
23536
78048
39227
77994
57376
29302
61002
39600
74535
89982
36286
91625
30886
21846
80710
15066
36133
12652
7170
17013
72898
91394
36274
17600
22572
38523
16699
67151
82667
42076
25853
32991
41022
86585
81980
75295
86195
88786
46601
65477
83795
97640
80524
17383
82178
40998
81357
54248
57737
91788
60105
66206
73173
68505
69011
78671
79160
96931
84494
74330
57732
22400
49064
14159
28916
32173
31470
31478
27855
15807
56647
53730
7365
44419
11208
40165
31533
34604
57212
16471
42456
82173
48443
69242
10616
54555
52470
37974
39096
80706
27724
34594
79742
6977
66257
26716
92220
12188
59126
50843
67821
15572
8477
11671
12735
34540
71483
77
16262
50938
49371
65343
73515
95719
15381
43694
59760
22224
6073
10055
51096
62222
13918
46208
29113
61387
73755
16520
893
32982
54533
3787
116
94115
68052
72331
86601
18108
87820
28777
43674
24056
25666
48418
76481
42662
6832
13999
39547
16665
93677
17250
82182
12180
27985
33164
36834
47961
25578
44962
37907
91309
94528
71712
65157
18584
83311
95854
17888
94072
64507
53744
41596
11665
86396
33721
79291
38566
53178
76258
70762
76404
19222
45764
84597
86118
59489
26262
34403
2084
17577
55483
53862
77343
29321
85208
39346
37553
85023
91585
35863
62763
79436
370
11969
17175
36321
52716
63079
73950
214
56732
65636
1403
4751
24819
26489
27782
84157
86029
29421
64431
97293
98759
23184
28400
23562
55097
49978
3805
61696
743
32520
39066
45953
18585
264
61424
32261
56456
75450
58055
82123
80638
79985
89125
52692
26110
73323
26915
65409
96691
93058
61322
40571
21290
81923
44245
30874
94916
42789
73616
61006
52145
60254
15811
7351
19731
87325
25508
96772
43255
16008
7799
26035
46518
8524
46641
88383
4590
50821
73926
21869
79067
8383
83282
39474
50268
37367
53098
67771
83714
31653
84504
29715
98767
37231
7008
86982
91946
11335
2727
26509
77667
74072
59231
15095
91108
55605
70037
84423
8651
22398
7031
17095
85959
2805
57659
20621
22748
37239
95935
19077
97748
83686
53486
16688
75624
83707
48733
72570
53468
30561
14467
51264
87964
27545
61210
32007
48933
2875
79149
46791
3730
88655
403
27656
37590
96190
88320
8928
16473
23052
50521
35936
56563
58699
2792
53207
50608
50224
71618
56564
11853
46953
22099
82547
73366
2880
1263
19408
46039
93823
6914
19197
30369
92890
40415
82068
29836
19060
54757
53055
49439
14049
33231
84559
22137
82788
28230
38318
64230
94010
20792
31234
9003
32477
68815
68734
72619
67578
7789
68814
54631
41227
40625
84435
11177
50659
4596
46711
75384
48582
47448
6803
50956
9852
13813
89361
71252
45481
71704
86125
82852
61574
87728
28169
1665
98974
62970
29902
5230
55069
50804
9047
68161
19292
57147
32897
25478
48324
38652
75760
83395
32746
75683
5078
94771
11072
90252
28950
31730
70033
84033
23874
22314
39576
79415
1494
77533
10447
51027
12482
90369
5546
75764
97569
69370
6141
72825
62146
84145
25305
17055
43681
3753
58978
25349
37119
79083
43960
42713
34511
75019
92157
47240
97880
37199
69620
88305
95088
74640
50639
33002
67957
58415
29223
97312
28536
94414
38587
12186
89380
15596
27761
23203
48976
25771
8366
26703
47627
88911
68154
52165
31932
12471
73425
35780
29383
19170
19457
90486
20192
76992
52979
85417
53823
74140
676
74900
12625
61088
27198
80095
35998
75866
11765
54211
84771
84523
43536
32772
44833
88714
28113
87476
21459
35218
72372
89126
79344
62190
52882
79903
26302
3788
18442
56946
89234
41864
4820
9012
21973
7160
51987
37123
32303
59497
81573
84548
97677
84726
32912
78863
5390
9493
25163
72753
32538
45985
74554
50754
78539
87484
2601
17848
31623
27882
30333
1982
87979
29906
78074
57019
88226
42988
41899
91192
79590
3578
86318
70228
3280
45341
23909
65553
4842
80167
72920
67107
17851
97749
16195
57259
82358
70375
19818
88064
17325
53699
20002
7979
71139
64097
6643
15934
80875
6799
60750
66431
86188
19610
75113
44332
31320
25237
23918
24069
83470
83718
18601
7929
70831
4003
49442
53431
81815
52908
53429
19367
91928
64300
27786
32321
71774
46869
73978
29413
89843
77468
99078
69906
32133
16878
93459
2505
31664
77385
21782
24915
81529
35618
66620
31307
51389
41303
69356
14304
77120
56779
72322
4651
38979
97695
99226
13200
24049
88690
21672
18946
43106
37498
72755
8610
51635
71808
43269
14255
85426
64589
9085
21458
68099
85609
93126
87689
72582
82470
53078
89734
33395
11989
70636
6807
82476
68313
63924
68118
97142
97620
97176
90896
18827
92899
96547
93812
21616
69957
98474
50594
42917
58458
70849
78563
10185
68695
29547
79206
43018
81024
21342
62586
67136
44592
83344
9767
1107
67003
68770
8708
22425
65497
93613
91101
99252
92564
54290
66188
80843
7516
81445
5656
81943
63538
10438
73973
67799
33903
70022
59756
9810
47203
27220
27621
88790
31495
57133
25828
10598
13315
22355
65467
86550
90311
52822
27424
67161
85920
16868
27970
13612
91832
28588
40982
57139
1211
24185
46855
63009
7111
97816
77876
12295
16838
4025
47046
82060
6017
21503
55595
7032
65829
25780
57519
28585
4653
99600
31450
32715
17359
78751
1289
29110
35130
15989
65592
16259
38095
6952
5636
27191
65745
95361
96386
6525
68699
32030
96243
64277
85456
58584
40377
46673
25499
93510
16181
21301
59247
49564
70113
84557
1375
87354
51177
99898
91220
52293
82652
89451
94430
69953
32069
28172
3404
99847
75678
44390
48657
86183
67715
25459
99601
72009
62517
37735
59917
9579
42977
78754
2328
46845
48548
5952
52182
79486
50331
33042
16914
70484
13998
63731
60957
13023
64407
58897
30948
4730
96651
61929
54843
81653
78308
78648
9114
80097
90478
71499
80387
19741
15001
46372
94564
6601
83131
52613
58710
7360
12583
80150
75153
18089
2114
74911
97067
67518
92504
74716
97523
81910
79144
84700
25992
73964
52659
29105
87285
60473
97421
33575
47341
59989
21214
51456
21295
98825
16040
98268
20004
63706
75723
80155
89412
10968
1749
87715
5240
70329
20151
12649
82359
36880
81303
69198
40181
50743
56015
4287
16608
66666
53412
24994
97029
82930
49666
75215
70110
44308
17816
98160
68214
62032
16661
92499
1682
73238
98873
15016
35505
42358
57269
84835
87286
50965
48863
31365
4135
88339
31306
42742
4241
71800
41783
73936
18532
77840
66534
68229
81566
6576
59392
91459
12153
56120
35213
64759
34494
64432
10362
27868
38300
84817
87599
47537
74568
2534
21243
64684
32891
25833
69206
45078
34336
83653
12657
10602
76438
97055
90416
87683
56756
17599
46125
51230
2950
13834
36292
65013
79450
97743
77252
98453
92628
26394
51512
96246
47248
16753
13526
85745
47522
62178
66561
76089
85982
80863
59129
36860
98489
29294
91527
60305
2992
80601
47059
72951
52814
3511
45974
75554
83267
78537
97594
38344
68577
88296
79958
64201
58790
28154
10670
47901
82023
7154
23542
24947
47273
94880
74026
69208
40828
34384
41835
46499
23076
99687
88994
65943
82802
4788
87584
68483
78910
12827
16508
85349
53304
15338
3923
33669
27392
88510
76243
18057
90268
89738
30040
9231
45100
48402
81663
99550
75184
6296
91618
52554
81470
43461
65154
76331
31931
64312
96783
93298
30728
39026
89736
40606
35174
2584
52679
67212
87782
92641
60309
83890
54198
55295
2268
20327
10553
58492
67877
64172
8836
19359
56941
72627
14072
10855
8272
39063
13975
65520
7017
56826
91461
80948
14375
13874
95630
2308
97184
71049
46351
33098
14858
33460
77928
80478
96899
5295
84415
5080
31468
89275
63389
3230
20954
9751
77708
67675
47246
53413
56793
70900
31764
2817
86344
5913
72502
32384
2452
13896
99955
31563
4513
68025
53524
75743
13798
99003
10947
66362
61941
55571
61992
70490
66845
64583
43153
19008
95091
93076
60530
16034
11007
66388
88171
79942
65565
9308
90820
36121
84750
86037
78242
5178
99775
92618
37981
95412
48452
29515
98980
47599
69037
98619
88004
38918
83196
2668
98418
20173
5960
39206
59453
58056
84295
98031
88825
18297
58343
81596
66623
34807
4554
67133
20553
8149
16005
91275
5800
18685
85505
15598
52619
32089
99483
67967
41827
6610
22502
82240
59194
48215
73247
10520
83502
98901
69235
46506
3897
93436
94676
47201
88603
35273
65663
25772
47770
45760
18325
91018
40166
94402
63877
79548
69003
46684
14566
74258
16712
74161
38247
8158
70887
16418
70547
95193
42122
68867
73703
45683
88992
58751
11648
91399
41690
66680
32585
61489
60381
14366
68196
39938
55774
21957
53930
57232
35828
21242
55204
18250
64960
11697
35160
32653
95557
8743
65391
29054
7423
19448
47055
26642
61466
30889
36963
35830
18527
38199
8294
3302
45709
66881
54384
27258
66866
65440
56356
4789
16561
98225
19036
61760
73704
53824
28531
62429
91169
49631
65846
47997
66812
96079
95879
86193
86231
7521
24968
28783
23160
7853
81882
9633
43710
87339
81991
46652
63554
67713
48044
8913
24579
37165
86742
11633
17911
83579
99639
14019
20658
70286
3906
3719
75012
64088
59298
54199
7627
85090
62571
91859
44437
48647
67088
10416
97930
37533
95765
13470
93356
9928
55931
56357
90534
89846
4576
26210
7514
50300
69868
13015
19097
6234
20185
44438
78793
16924
74324
92412
79497
61712
83269
87376
72731
9429
85972
72437
13006
74029
22956
9197
53895
97020
22790
14073
32083
22564
45463
6826
50291
83130
22808
82648
30847
28046
75373
45942
22771
4314
27078
99200
42795
25439
7406
8068
83386
48255
19822
10531
21777
28497
8668
94636
77272
13189
4456
46500
29981
42234
9206
31046
10649
57735
77444
48890
16773
56248
36281
8701
76977
4635
97387
89284
57598
72666
16247
10104
36594
75823
8016
56681
9337
9248
4893
4821
8621
94893
95808
38889
67527
35970
7171
88907
21862
33801
34137
49924
29696
70357
83430
78390
54915
5557
80179
80703
5201
71039
49164
77705
61958
37914
85432
14991
46103
85083
75856
44678
30004
90838
91028
40764
82148
64581
74259
69522
19544
40336
11117
11483
60988
16713
18607
58245
88014
47308
98653
89410
12314
16056
40858
86275
32931
87297
98490
49320
81556
99199
57921
56662
62677
81775
96949
86343
69602
41466
6409
10836
21467
64634
62676
37792
33366
36917
88436
24905
88484
24773
49169
89637
94670
21859
60372
41261
62007
69603
68736
77850
34357
30670
96260
35192
16343
88170
9570
8872
21797
10685
90065
87812
33808
73094
76074
26074
98616
66254
24350
35514
64383
31875
94133
12384
48438
55926
87491
15600
11097
97618
14280
96286
81803
60993
59435
41613
39466
37394
21463
84065
20887
16435
56406
96883
41294
56048
47868
84698
44581
43712
47544
97218
47711
31504
99345
26664
78745
86352
99936
98554
30436
58482
79951
71542
39634
38160
25942
64672
13002
98995
18304
92952
93875
72368
65841
22012
24977
93040
24523
83663
17904
31529
86761
1516
94811
14338
53762
37845
28210
58270
91193
2454
35710
54247
54835
52464
51213
87616
45575
23713
90296
66041
68297
25843
8233
71514
51729
37134
65406
93545
49750
4650
86641
32630
25635
63412
78541
24487
97458
1918
15430
54179
75628
25902
28408
46449
14057
56135
52787
42629
81069
95460
24384
20932
81085
97254
22960
37636
90936
80806
58421
75332
35639
28965
16275
61753
57640
45519
40403
70166
93035
77285
55419
71599
54913
6785
82
21496
86089
74759
42643
66576
19175
53176
20401
35779
74052
7095
38612
86137
27791
36530
52190
18389
77011
66198
83732
94281
6556
75675
59165
56137
31562
99282
80326
47054
65728
62693
82635
34260
38818
53350
90805
90543
37215
67352
8455
45404
93102
5360
15943
7751
68905
94877
499
53101
2834
11525
45461
80878
69658
54402
45977
87648
39379
10009
50200
2821
35829
32750
87725
1992
37927
3083
152
85551
50498
63220
16653
42064
38001
28838
68836
33667
89344
90372
35082
65839
31379
24502
32756
25837
21676
60402
48193
12697
71434
85470
36838
84055
89124
80665
70661
8519
178
37264
33930
10058
12435
182
68700
18551
79877
27176
60913
36082
10745
92183
33039
94566
11900
593
30907
78815
39724
28385
72261
29316
63268
46053
13273
74326
29352
94958
80751
32648
4272
59105
18952
50971
2403
10939
25748
29044
88926
18833
56562
12802
18800
77403
32764
40084
8100
52987
50355
65528
92290
62042
27133
53293
32205
59171
90172
79681
20007
48905
62406
2848
22685
23055
8729
32875
21737
69854
77583
16219
76557
64933
62124
72634
88684
45416
18033
39420
54291
44397
6232
74647
84969
23214
54111
56055
48822
83463
81271
36064
30497
89059
280
26588
75882
66149
49491
90817
78510
26125
45772
36069
18941
76891
84302
75761
84282
46621
12126
54996
53135
85764
14543
46891
61149
36557
59012
63119
39470
23256
26123
23206
93349
47228
29848
49323
10845
48670
13848
87875
22858
65713
31940
45361
48477
62777
36039
83806
41623
29207
20084
43531
3336
34927
28540
7189
577
8010
86546
347
7369
23033
76529
68992
10942
14121
79978
32338
14952
69376
53753
360
34105
94534
83831
43184
34441
16706
2839
14221
75393
95223
8605
48026
74543
7610
42107
29980
38214
58787
97349
70209
30794
460
32239
19794
87897
19278
21691
56754
30136
71017
82229
3024
81021
66636
52079
68314
399
68592
405
406
26580
37168
45304
15946
4095
50909
9093
85455
29039
19896
15231
38050
29522
81538
1330
94511
17511
48964
69199
96440
27072
97501
79823
60926
78821
889
10012
7898
10847
67582
8697
94859
18181
80975
23572
47195
37717
54316
98462
48251
4437
25323
47403
81285
76050
70503
42454
446
919
14167
30404
14026
26151
31363
71850
76663
77559
5544
38324
94896
57274
66998
93810
44760
2994
76632
97337
59854
36951
8271
2180
7951
62700
2314
14353
64863
97669
35807
98356
99088
20404
36827
88728
56459
74738
96550
64592
81713
36400
58375
76979
49925
20233
41885
13940
50566
51283
44269
48726
38442
60697
68203
42674
3981
23686
67180
45989
86782
57638
92940
50587
53613
72105
39150
548
74579
68341
89951
80816
94401
90095
80698
33659
75942
32367
17489
58153
28850
68698
46822
40296
40750
11785
87805
57550
30757
17291
90012
76152
28100
6104
51284
77123
587
49827
40170
70436
21927
93312
96791
55433
48570
34510
77732
48569
12568
10315
91053
40900
77437
30388
67627
13412
4559
94643
7433
54850
83388
11971
31319
27539
83986
56641
57779
622
97901
22049
86767
72800
98305
24460
74164
1036
93924
76348
58192
71934
86950
816
3162
59092
26921
83435
45346
651
49431
17683
37886
57867
44882
51130
33788
98301
61657
4774
27128
46193
76109
30824
41460
50655
14691
65690
44466
28372
9014
54964
76702
36391
76990
76271
34406
28186
16920
70056
34929
50510
38253
3078
99884
28571
44771
73693
90948
702
24043
55589
3524
13406
89313
39444
85234
11329
44404
58052
46703
20144
37910
99084
36819
4271
79632
5102
53850
86104
6345
42611
13567
60193
81074
8815
7362
31633
14937
32462
72548
85847
40331
70797
5039
84369
3345
38044
80196
49240
46848
72468
1266
82638
7026
4457
14383
15610
88338
35096
8456
12693
85607
69986
4270
31781
99710
48332
20396
773
48592
33371
69358
29973
45677
47379
12741
55708
68304
53993
61816
85979
49842
66389
58925
19668
29545
71969
18854
54029
98998
73876
801
803
11499
69062
99668
67983
86565
13757
36916
80675
33572
65810
29115
59896
97153
34192
48842
34020
826
70055
81421
11602
58706
23805
80532
28883
60269
71770
76969
16123
61295
19850
44059
56799
55903
22319
38236
31490
2894
18458
83701
85890
27844
61507
857
6176
861
66245
60797
56650
43403
74085
10109
13327
58058
40167
59871
49440
16590
34113
23628
13079
26173
60267
15905
43141
76111
50721
90703
76455
32656
98840
96239
8339
98577
99269
50885
58962
67328
11842
65209
77804
92367
30783
5299
80371
51691
10075
9349
14033
27651
33332
912
92881
30885
77335
77456
91667
22089
16883
88880
39871
931
39486
60718
18851
9207
15040
69215
98100
40840
73273
69219
43516
23813
39541
45789
61396
98600
65400
69598
49466
95203
13784
15339
92351
66663
991
30290
44865
56038
67924
76434
974
978
86171
90509
92102
3747
54202
39606
97554
31697
78487
19419
3470
64335
69112
93612
50104
66877
46607
99544
60106
80485
62561
77537
96349
45257
1618
76757
99011
96920
31135
71967
18881
70870
48634
69338
64131
65114
72092
61315
75190
4530
13825
53121
60361
9315
56351
64419
7928
86646
11104
59155
35346
33218
98996
72569
29237
1073
92754
89238
87886
11419
8370
57204
77875
12715
43207
40487
11619
93971
35066
28561
21379
27123
81567
98993
82848
59414
85641
79799
13950
69811
77822
84656
72917
63978
53222
10748
63359
90250
37430
83773
68997
17337
78049
76974
80568
81829
8917
10042
50563
86781
36757
64196
47206
88518
4069
88553
93678
74742
98799
43961
29306
64943
19287
73660
89976
20119
68259
92462
16398
2782
86042
37705
50059
1193
1680
17696
9139
22826
73447
94132
43260
86071
47730
59743
60619
82245
15958
65316
22013
94411
27106
26339
99611
63522
44467
16513
35995
80629
9556
89578
65598
21866
69378
74879
4205
66229
18465
13578
59500
80900
23674
32995
97341
59676
84137
75867
10223
28192
21566
70985
52974
29997
48852
90362
89949
83826
26582
43237
16460
31757
40472
58718
64099
96222
93425
96573
44247
38110
89134
60692
41266
56323
97088
70074
1313
17905
50591
3002
86544
24295
72777
10869
96368
9394
52514
13069
25981
65724
1353
73190
17572
35121
92903
37772
54975
22775
74466
86898
57186
41247
93374
91263
1422
40848
62545
8833
55020
67417
94704
7248
69221
4179
46360
71668
48820
16413
57231
96878
99263
75903
47134
5746
28543
36318
75775
1407
6035
2637
84136
29991
82452
7072
87792
15370
75734
49651
43836
90895
12974
87143
11651
13881
12611
67884
95055
43033
27107
88954
13305
47520
39049
82976
16631
37570
56571
70804
68283
26666
42661
95229
28035
15822
62481
23169
22763
68750
81779
41186
55769
31074
57050
75780
63442
89463
17317
91959
90874
71493
72688
2243
47795
38458
50572
81083
92395
1518
2652
67419
78226
11029
61193
38037
54839
61082
33456
10090
17810
64655
95278
1612
63340
48910
36251
88052
4518
71975
90829
1572
24644
32021
87790
3165
46630
55155
75820
10076
94726
19146
17453
61956
51251
22838
59128
30269
86779
48747
4101
93799
44893
15073
70048
13873
50442
78730
85701
13138
88455
85311
54032
86877
18970
42834
42816
35439
58048
98831
51330
66410
97919
7503
81172
62706
26643
82841
94075
94079
63215
7228
94979
7506
47376
68811
56275
36975
84978
72662
82081
95527
33443
72720
89636
88437
6892
31580
66216
53610
39801
41846
27907
98465
81452
9294
70893
81354
1758
76282
38015
51132
8281
82917
28717
13481
85859
85101
42278
32695
66774
72835
3935
22759
1792
6932
77574
18772
11539
54952
8646
40058
95058
89632
70059
35434
67507
30564
10154
35029
73075
48799
14524
51711
49353
4434
5857
39943
54709
74472
1854
24283
50496
72716
41918
51143
44637
20791
37383
77911
34133
73932
2654
84044
68787
10606
47500
29554
30400
2741
14645
17953
23766
34717
41789
68076
62602
63920
17727
29581
75358
22574
89094
50092
24973
97543
46741
85394
2360
1943
81631
56908
63534
97404
6411
23413
38067
11986
87785
97767
88903
15561
37070
67385
86763
5561
88175
68824
68594
78927
76746
27350
30913
63203
3741
47197
33077
98997
27496
65773
3262
79894
33874
12472
78941
20685
68375
53740
63126
88698
46396
5705
46367
74954
41219
97059
25713
56772
99607
64005
49150
60556
53717
2250
9022
8343
86599
16341
60567
9512
7555
4169
28225
10029
7724
43372
54004
97540
77372
31425
34126
4265
2128
37401
51733
53029
96601
40409
62727
28864
23849
11347
54124
47247
72928
97317
74777
67994
15537
37946
87213
12179
7711
23558
24855
80678
60463
50749
81160
99235
71400
42011
49239
7747
2509
45013
59510
99257
4313
48449
62313
3679
42628
47716
31946
83628
65751
35396
14453
85666
98573
70783
62315
81170
75030
16039
99335
28008
68186
28929
65977
14558
24187
63058
83611
12041
6183
40352
43624
28845
71064
22219
18994
36863
45731
35965
43633
91704
46867
12871
6051
62729
47351
40282
11088
59236
87929
88246
68609
11239
74053
2355
31275
42946
31270
20615
55693
30930
75986
22865
15560
38429
29035
7847
74128
58523
21083
37251
14228
84382
81382
80891
88552
61634
57661
28969
58195
7695
54632
67787
42987
73158
99408
20115
53388
45345
2464
51703
63459
14347
67331
96274
18560
87888
22590
72783
70819
86744
17293
68254
44759
39339
53460
30753
89599
59848
8882
93118
26332
63621
97746
72099
77460
45537
93175
44544
80840
29495
69950
3102
68741
65616
65730
60419
37183
76689
95377
73222
66264
10000
81065
28855
59056
40955
70790
28880
95764
53614
53174
94217
62314
6310
44744
41794
4110
3255
28722
88388
83195
54443
15408
72166
2670
30939
41238
71236
91671
90182
80662
17628
52162
54808
79118
48857
95766
81995
53164
61160
57960
40418
50159
84213
84380
21861
20813
10428
52844
15564
10781
20882
55019
47700
99572
49190
46750
67469
93306
28983
99522
74095
75517
91374
81261
95315
41888
5968
39149
90822
4803
41084
4580
94416
70752
22302
67709
25316
96748
42019
56366
31140
10061
64396
41970
60450
90667
21320
10957
15736
74180
23518
71130
41313
59674
20402
2906
13134
65647
58840
69444
45428
10147
6853
16607
20386
32311
65014
61140
88976
74282
28066
74151
87858
39037
32694
85568
35958
11179
28152
88080
94245
46654
34005
71768
35874
19331
55316
60328
94444
82618
86702
16291
21693
22162
36054
6228
92130
90465
45427
82867
21275
65927
66721
73227
31139
81005
87247
58844
84595
76871
75363
34706
90938
37687
35790
84809
56194
76724
42854
3149
71563
82149
4904
55417
63675
73232
3166
38198
10870
90744
44604
16910
3196
61211
10945
72069
60283
29150
29214
19996
65873
41494
61123
36095
77861
65534
66883
86443
40108
20584
60368
5097
9066
98132
21703
70415
59810
18751
34104
32026
29758
32496
40662
79131
51060
68708
86015
44095
34793
29666
57349
41610
38716
45113
34894
40572
8073
88214
28852
10079
22981
88062
85902
34623
51668
64190
29287
11073
45000
50041
16839
26253
44831
80458
21414
14811
75272
90738
34599
34112
78431
76923
94665
79567
50865
10294
85848
34153
56171
74939
74627
97237
58106
73374
39234
42560
3584
10954
89471
65513
3594
47481
14788
97158
79292
58815
58054
25215
98881
79286
53563
79664
64694
15512
36089
66009
96097
49974
43350
39468
55873
68810
85992
7441
13508
10628
94028
30365
46719
16670
81468
11207
29570
46991
86319
85767
72587
82815
3813
71535
8444
5117
59168
27600
15246
26656
29233
34155
55999
85186
66882
38239
73593
3871
19873
69636
39803
82074
18620
4452
62827
14269
22375
14964
78374
66060
20169
14585
60593
69535
10599
58587
58746
58566
38494
42218
32953
49123
26330
85594
98870
4080
63766
63572
73893
80971
57371
4057
31401
35659
54238
42166
22019
36130
35200
23939
44547
68170
67612
92363
44783
90125
8914
77943
71948
24008
19167
11706
52547
69348
4217
83330
50452
47714
48945
4251
58002
14018
61897
88169
92189
90049
18296
99905
42613
74454
41564
47708
97241
61591
13110
63496
45237
30821
26172
6369
30137
41421
57526
84744
4958
72277
63379
83758
56360
57484
24696
76895
21762
13156
93669
47353
39700
49525
50128
87301
75333
54891
16220
44459
21532
46027
28269
34006
12020
90302
72156
12117
24280
53813
6203
83800
25599
12383
40732
62607
87300
14328
7124
38943
92281
49677
17992
39178
39481
17901
63661
74457
11038
56623
61868
25585
51568
94291
51041
82297
62394
63211
64807
96016
64764
74517
62886
13885
34027
13392
77560
90060
39437
79327
34538
87118
85236
82866
19969
84007
8976
73838
52291
49591
59304
67496
83887
34177
22689
50231
20662
92508
99258
55609
33047
44273
92529
59867
73303
46625
50629
5530
30741
52760
11298
78454
43973
59784
17212
80652
32218
44686
22599
33675
39810
77904
77644
74252
55132
98210
32243
62551
22682
72665
78259
25314
10199
98900
94279
73136
9414
63035
78942
87927
95129
60871
19930
35385
13323
76763
56478
89928
73910
98354
41078
99459
43021
94282
6318
6338
38391
62220
70011
83958
38221
39493
58477
70347
17348
94340
36661
32034
53054
31527
56005
84058
55516
28882
91491
37893
98822
57771
63202
64062
23241
17956
61957
50018
41464
47198
80350
83760
24588
13824
80883
9874
97115
84588
14893
18529
46239
82650
86136
63716
83882
64509
32866
98821
66640
33718
15993
55706
40819
60961
79855
48810
62560
39423
69508
58372
26953
68989
96952
37567
44307
58768
85976
17390
55905
64883
57229
94920
49099
26334
84176
87068
82058
76800
98770
21204
37100
8863
54918
93564
76070
9191
96140
25294
29278
92702
46117
30054
24701
57553
76925
79768
54749
79414
19284
55024
79708
92635
17288
87275
96083
46685
59758
49022
18157
36558
97731
38274
27507
96607
55872
91541
46226
18161
11
82490
51800
31791
75811
4168
86690
84816
8338
73493
28245
45704
52960
16824
30
78849
92565
8954
59486
8959
22454
88921
56639
75032
96564
75985
25553
29576
74142
51379
49463
40006
43875
75207
80105
41598
73993
19109
77696
30923
67319
51297
60211
28649
60
86664
73685
34714
36339
4700
11198
70450
5786
20337
8898
93183
76921
54723
57012
99009
7778
71201
13137
39787
64128
37758
35548
53939
6860
73572
81914
40707
75855
83977
30742
46419
72494
75936
92243
95442
18359
75203
34427
88059
25851
91327
17867
34101
71936
30386
88554
85699
60631
71776
73148
79993
70911
27359
20037
77563
54445
53302
91042
29772
53763
95199
97244
51305
72234
54633
121
60629
82889
30487
44675
19317
20575
35447
87592
21892
91203
18041
62508
26441
43040
65198
1389
53900
131
71141
52825
42421
22690
79557
47984
99613
66970
88434
29747
98936
38763
57751
59707
49181
156
6116
68323
13398
6285
42759
8740
71488
6050
58280
20274
36883
24458
79840
52517
83484
51546
41165
58686
8382
64570
47186
61177
38481
6297
2364
94268
13089
16954
86758
77139
2889
79976
36650
52784
21567
5035
85297
65579
1233
55126
21886
60857
11317
92038
37942
13243
16860
52463
21092
72788
98185
13905
41693
43225
96819
92356
19528
81583
578
58769
43011
56740
7391
29697
37189
42607
38832
27087
6659
11574
38608
20470
9290
44749
71601
66310
82727
4079
43651
80929
11453
13968
7892
29267
26988
29863
24491
29796
44187
68786
97057
85681
22011
74639
12049
59160
49807
69502
16689
30147
96325
99170
98519
10691
15461
36986
61369
40901
1737
3372
91948
31706
46948
76630
66252
12404
40744
41200
14776
3882
94902
65619
70894
80552
95331
74091
87287
3931
50937
59916
42937
298
300
45214
71326
22145
72168
35852
98806
12239
303
37257
91680
1302
74520
22170
25556
25337
2952
69821
97463
14457
32776
18303
12074
94136
63457
99928
86142
338
96964
68929
31643
7052
64865
78089
9065
14579
43741
2477
25810
20591
98435
65651
32714
88949
58399
90746
26490
68901
70493
7805
31251
22518
20535
95916
83866
13065
373
78416
49057
97017
86964
83819
66715
25195
52999
388
74999
15669
61975
65281
73157
1591
10451
14569
22497
48891
1240
57569
72663
37529
42398
84967
50470
49575
22168
89058
25304
85440
98877
28528
7416
49357
40023
61420
63874
89098
12557
64188
1326
32913
419
3769
12847
7758
48395
34305
57657
61779
88023
77570
43740
744
54686
42724
28322
65169
18448
24449
33983
88374
37176
57097
25292
98148
76468
18112
75858
46985
20919
41684
63458
51353
7166
49939
76424
86397
61695
87010
90244
92239
29249
41018
38615
35243
61673
85213
18848
46115
98087
70689
56365
79652
75997
14711
79600
15269
97751
29436
44601
20512
15746
6000
98406
58452
41459
41284
48068
13163
24456
31611
36101
46291
87757
8170
30652
39650
35312
69591
94594
14732
21153
58521
38438
26579
97405
73658
26269
34082
98817
12115
64185
70249
86759
84040
86174
76188
59593
69747
98119
82684
10978
54529
43362
47070
81161
528
532
70423
5973
8166
11394
59741
93667
87430
7220
44527
72531
49001
39633
29577
76223
77316
7499
30031
90389
82474
66760
13211
83211
90693
77496
55353
72352
16779
34545
54729
84761
87594
73639
73982
39931
40123
44224
75180
91352
48494
93624
35051
57414
95427
7015
20181
73554
92321
42888
89464
67791
624
20965
11437
94409
44164
67975
19887
91743
32066
26093
18974
54068
17006
96092
58159
3936
84794
14066
84118
98338
613
65799
44102
84954
34205
35205
11588
10484
61987
74504
99068
46227
63279
30637
48677
15617
39291
80940
11593
14459
7797
29362
11564
37178
80389
26590
54092
55500
639
27622
78783
38650
32485
81391
9526
39529
67827
85269
64484
48596
64673
33991
59104
30133
6479
47607
63797
26704
3681
47791
50241
9596
44636
50955
23673
78151
13084
61536
20375
26088
16041
61907
48549
30224
75745
20379
27330
52741
81432
98833
94211
13130
58843
59002
19609
28265
73231
51245
76962
80571
89229
11055
57359
96172
44968
40995
52208
86638
19633
70108
41309
8298
88602
48083
11431
35281
75851
720
77793
28207
92724
94985
722
37024
64514
32704
18084
49815
98775
11762
75006
4189
78425
78580
13733
87652
49601
83588
61604
12616
79825
79447
10806
9004
22862
36148
33610
30058
30428
5648
80695
63679
28149
29946
51489
29813
39752
25396
72004
74046
17140
772
89256
37287
80777
83088
12299
75918
77136
76926
75274
2252
42004
68294
8531
51965
57289
87854
96417
95587
61631
93604
99648
14306
49893
45431
76506
27100
51686
72537
85202
62221
18301
85614
1094
99608
36587
58842
28024
27647
830
84652
58618
92744
40620
51091
44460
81571
2335
73797
1540
54580
9657
82437
93832
4023
96562
54405
42523
22683
52743
24857
3502
65396
67603
11413
869
32444
4742
62574
29109
57177
83554
10007
10201
22778
7692
40322
18699
31259
7878
50750
36997
36067
91371
30873
16322
28650
66148
63485
59774
60199
40959
95247
80567
2978
9983
5637
12189
78980
93340
53690
61045
3448
93161
4427
57696
59166
52092
5101
85868
18014
62785
27875
96306
48813
81521
76430
79571
74409
77396
27409
15786
33623
76523
946
77329
54371
18832
80965
88143
57629
9774
97087
85263
40140
39955
77725
92170
14681
17044
20844
93476
39478
5548
29078
72580
80307
58763
35110
84121
88563
91370
13365
61129
43026
67597
24946
27535
19979
67859
59167
81004
20876
20806
31593
51208
95238
52876
80756
43212
74518
53275
19962
33673
10132
74343
88819
96412
51844
84776
70035
47934
55816
88233
5200
46689
44801
14346
64904
20900
70021
10549
22240
30041
37642
33136
87057
8432
65790
2336
11195
91608
92887
29978
75751
51156
37330
69079
75130
1443
56917
37357
48558
59659
81454
14441
64698
24067
39268
45594
85563
72464
14999
51933
3814
30880
61444
61942
44465
69858
59275
88519
69536
1088
3254
21593
83172
43213
67027
42522
3335
80361
1102
18484
91942
67065
74510
52426
96927
34144
39953
87305
94575
66231
64568
44160
56404
48368
96870
66954
38283
89676
72690
37161
11258
89040
81744
11249
73071
74926
75654
36510
73007
63432
32974
28919
37637
96837
12946
92141
41580
67872
60314
82412
56529
37931
52853
46312
32639
53664
18011
62267
39399
17866
69311
80623
43830
60884
34669
56095
23264
76269
80584
16277
96370
21235
65801
54597
81260
92624
93985
52637
63235
9058
37398
96184
65677
86018
12053
84286
38531
67619
85032
60386
1212
1213
29042
64243
18975
73455
19264
29441
4302
6806
43251
8262
30987
39774
24080
62774
88587
92923
2542
96150
20888
48232
35690
68429
3163
45092
70446
8915
55091
77571
20893
14829
28690
86543
5780
22702
16717
41020
67494
34815
4999
49720
17268
67230
7092
50029
54900
92079
52414
70371
28511
84498
45210
41527
22575
70792
11399
71396
48303
62152
54037
54232
1314
79249
21653
34347
23900
51104
64399
30935
56267
11484
95033
5925
92605
33672
30682
92886
35163
53593
87490
51408
79493
8275
80354
16192
86740
36335
74075
1360
93685
87389
3268
86471
39186
95242
41269
35081
5624
47061
1436
17653
20226
92723
60154
75461
95775
27823
92547
8551
53755
88531
1401
88609
19235
33937
52186
38706
96263
64788
31075
46523
87072
41782
57083
62606
49326
59164
44319
96645
37811
40229
29563
87589
56372
80294
84918
33356
28503
37780
3528
8050
28898
88654
4383
71464
87748
23835
46207
5087
41732
8724
33315
21392
94823
29575
17190
25211
54515
19927
67696
92357
29971
38633
38742
5883
94496
84819
22733
85212
75640
11445
76166
78041
71781
99914
59197
68519
37000
28217
32057
17097
70364
20663
96823
81662
97008
16300
17533
30250
7814
26444
86615
56452
80467
65445
94981
88667
91099
17191
88756
43743
49563
41651
65874
72539
42908
35803
65037
1544
37489
17118
39831
24406
69732
24115
29181
27055
8368
34565
39499
18962
11388
3667
99800
3695
10641
68981
29993
60215
17731
99424
1582
7821
58880
55953
52217
11098
16324
58163
60485
13884
49607
68762
90037
32245
89869
73541
92108
16146
65908
24943
27475
69322
7007
65845
96423
65414
15276
51722
10844
20913
16994
26036
9984
20610
87747
38759
80384
33304
79797
2288
54608
99892
50530
50172
30586
1650
29089
11816
74546
27721
15419
52256
25223
35246
32798
25652
28759
69104
45069
9299
64856
58501
62075
28436
67478
40801
77690
51201
96452
8206
23045
76651
76933
90784
10898
54036
20318
80981
3055
24110
19710
41786
81727
92193
33062
96767
12363
67669
4930
85723
26601
77226
74804
64203
19658
79735
7967
58171
13675
71603
35854
44443
80851
51469
89282
29103
52447
27487
39241
3403
36239
61846
39527
39126
29807
26215
21401
9482
54021
89469
10694
39436
5787
51412
10934
40724
12967
1795
8396
57849
94659
70075
61770
51816
27947
85071
69167
15895
74801
33581
39270
71922
93806
65511
96137
50199
42386
62322
12536
35567
72749
79305
76790
1839
23327
18083
84080
77616
72365
78393
27137
7790
48721
66999
85989
90698
89571
35046
13868
4646
52178
15775
53899
44364
28298
47955
69218
26156
35613
29392
45611
49450
95792
25108
7490
21346
55734
45801
24442
80083
39410
17614
22305
11364
89835
74744
82585
26791
65058
59450
14282
47396
25013
80619
58279
45258
37837
31036
65243
23640
4990
51382
45692
1962
45620
20711
3527
36228
38886
53234
70160
18893
39320
58581
8529
7169
22776
29553
42802
35372
33119
42344
66907
39715
95512
38770
12799
83087
13188
46996
54266
92579
39081
42360
2025
36127
78204
75049
82475
32643
6946
82951
86447
8991
33543
16178
27245
87537
18665
97384
95576
86679
73696
58807
88571
15646
10941
23892
66118
40511
48559
76437
25976
30721
45908
17364
18266
58536
5126
83027
79511
84891
59850
11981
89794
58580
4693
13359
85012
11825
22114
35937
85159
46794
11865
19542
38337
98647
52933
2143
52988
20394
98648
56574
8855
12210
96242
53462
60497
80225
22528
95822
28587
37374
35145
63010
23597
58755
71532
53414
7424
92073
48365
78428
36390
98968
87271
10220
90184
5146
54478
91183
31462
74433
73464
90816
76319
20974
55302
31534
58486
64808
31947
71420
12194
95420
81423
30122
28109
60332
90978
2246
92824
39660
18495
89127
7429
62320
17219
4926
84556
74930
91716
65435
9304
80193
50770
29751
99507
67217
6471
2291
67259
94658
48005
87178
11715
67580
62421
70094
14982
16361
86844
38593
93830
88370
53943
11771
51231
63388
46234
76596
19653
47596
54348
73104
7697
19790
95871
45398
71453
81184
79246
76643
22511
55511
21368
27971
72160
77868
24325
70237
46355
33477
40883
4041
68832
79104
87626
7629
41845
85123
69563
57524
34812
91845
63681
39418
64040
71452
84804
8434
36643
34162
82139
87154
97182
19778
88471
49389
72616
23552
11122
22559
12530
97138
27529
79174
2496
17783
31801
93199
79737
83448
44078
29712
34118
47712
28429
71684
99082
33906
14090
37201
84632
12820
24427
31335
60736
48920
87477
15468
48639
77796
18892
27012
23619
87377
25453
69181
98390
50233
54590
25555
99876
67526
34356
22229
31430
87464
55814
73209
42198
31991
23507
64789
16544
35528
27460
67741
59775
73137
4581
53627
52859
93359
65090
60720
95693
46566
2649
54748
56126
21719
50036
37305
4903
48640
96745
47799
75664
61359
37608
77604
76912
75695
40602
95270
61808
78213
25473
72891
46701
9325
66740
96482
32660
56788
7573
18538
2745
71903
81619
25324
31124
14976
22872
69667
38883
82275
73052
48821
15685
72534
83415
67386
29832
56387
3179
23425
3337
81365
39392
23626
57418
48831
15168
48241
89800
28598
32177
47705
17050
76052
19677
81624
61056
25567
81972
12257
93992
94580
63957
92348
65106
91627
53297
37525
92391
71798
82683
45919
66163
88237
88683
21720
48071
6744
44919
93589
67334
25313
53472
64778
78508
53152
6464
93084
19422
92463
90230
9748
29640
21937
18757
37602
82120
58556
87714
68503
73912
44292
31395
70147
85573
78484
20363
60145
22279
91694
37403
77507
19921
97329
23190
29114
40214
7385
67764
88464
70609
36742
30863
41259
44821
83072
14041
84558
79352
81748
42385
94982
61436
23192
72091
24041
57164
10193
79071
26467
38519
8845
29736
20880
57424
43240
57854
36277
3872
94570
14787
3177
98634
61715
52489
26698
81615
69789
31020
74054
15884
29131
52841
26557
75067
49855
10536
71218
27399
74048
90308
18109
3393
72258
85363
51538
42762
70270
11328
10113
74106
12719
76304
84758
35285
78103
8260
3327
72852
77936
54142
53340
54852
63033
72521
86315
3363
61283
60650
81560
66685
24826
18599
57835
12723
93269
56765
62477
76648
66612
87303
67135
87496
26371
27175
39205
86604
20341
45965
82156
99116
7588
93995
44363
51259
84428
71648
53157
83793
67369
16715
48826
28878
59248
13166
85188
17712
57298
97119
58141
98907
45054
80963
5710
4260
3836
34029
39878
99628
87636
64806
80369
60213
53175
67307
50571
9661
90720
46162
94345
68812
35972
22415
70079
99799
73032
74805
87409
90931
9168
81360
85891
83076
67638
96471
84305
45470
80204
62819
17053
14423
35746
3715
43539
47683
62382
31952
55471
41335
82677
24123
38571
15798
86384
47123
74533
32036
76467
80015
48242
92755
64325
24199
61851
86010
47564
32794
82933
46318
66102
6969
22567
55835
60195
93075
76747
35645
17228
41719
47555
70003
5404
38613
61458
34945
70829
16468
37288
37855
29070
47640
82834
44561
40843
22220
73705
84874
68064
98847
92303
53080
65532
80388
66574
18107
98507
26225
94180
23709
70962
26139
42978
64375
10615
66462
4046
8606
63514
68459
4419
99788
37045
47532
90414
90645
83216
25572
51449
98472
63573
18281
63843
81970
37528
8234
94668
40591
81974
99155
63590
92563
47221
91915
10560
61909
66124
10129
94806
73491
12571
72618
80873
23667
14672
36783
35806
81099
77443
79634
70810
60899
80069
25682
96994
99729
25343
75978
88205
59396
80559
80961
84063
71385
67330
85483
92629
89060
70122
35660
27521
74966
4297
27798
82865
75935
83377
44899
67090
52495
34374
30463
36527
44251
63025
4593
61131
80574
84661
76187
29982
19746
99452
38379
83028
37728
38030
33099
70203
77482
90224
94523
67244
59419
12277
22896
21188
46504
67074
32278
72686
50471
67261
89930
65887
14497
61675
87211
83835
87217
35708
48918
4670
79245
65764
20726
9263
73857
85000
19885
29838
58053
41041
40926
88490
20719
77376
91822
81330
96001
50936
48951
82964
93192
50914
83659
22158
33425
64015
81505
42847
66564
59761
93252
39295
33857
77812
7266
28595
56187
42131
56437
12168
82511
80397
13074
39473
54532
84267
87048
97475
81306
15062
60260
6717
96465
33735
31594
40135
35140
17201
72180
62833
85294
16897
13910
92833
10071
74630
74288
42938
96054
11558
5778
63863
15760
72039
58076
84059
23729
84526
72856
77654
25831
59420
16989
16429
24282
33905
34556
42464
34353
85301
18386
21450
78422
26747
30619
10576
12002
45295
92026
50478
90129
7350
31402
51087
67322
8511
85282
8335
5604
58069
57325
45429
48279
95215
11645
78427
79438
65568
48012
49392
76229
66437
81901
68376
72746
59400
28757
42062
90067
9641
53575
64462
47028
69066
43116
37565
66990
61729
46244
90711
57774
64542
62918
50662
61255
7630
72438
97865
98416
89455
51314
57367
93636
94791
24411
9125
59055
38248
36446
60793
51256
23792
27167
68972
71899
41557
36059
19686
86399
77345
16945
83566
59024
99915
79498
82533
31882
44767
69615
36199
91590
81557
17184
56910
58525
57893
98724
70452
53480
89493
9663
42494
67366
41444
11753
33378
91864
37395
87192
34746
53470
99315
16060
54386
87083
87270
63855
63339
18499
68887
77278
74006
19744
51969
92514
14886
96546
8296
74051
60315
50364
60673
65048
65935
15886
84722
97139
85345
47783
45957
95833
29243
61195
85105
31660
69120
48515
90714
25683
17933
73482
26603
80713
62470
22202
72059
61646
54485
94321
50136
60963
68818
55956
81929
40118
68637
54844
62017
25791
61127
98166
17452
60799
36763
12107
45654
96391
72390
83503
45285
61931
55968
61415
77008
44246
12298
53564
37031
9606
67397
73707
93231
19995
76950
43111
10221
40743
37819
10048
22290
10194
93963
10457
18916
79838
59693
68507
77632
13728
70781
71034
11643
32290
60467
69300
30271
75141
21687
46733
45085
93160
65658
16778
99582
44596
15065
66888
53574
53872
48885
82924
67549
40643
29364
51795
90764
71427
63300
85528
64613
14103
23112
67700
64193
49729
18277
55715
92152
98967
30544
42167
66230
45561
99476
83295
91268
23058
3164
57680
34657
33300
92650
72961
34461
78944
27954
86185
13614
58447
62374
45313
84983
79762
57983
67257
11136
40
90262
22124
4050
84278
90408
6987
62553
35242
5607
66280
40295
72259
23025
27432
42776
42969
28499
83085
44929
5333
17059
70304
48112
3880
81709
69424
96577
14431
60559
6536
89661
62556
76230
94068
78802
98158
71
74867
4720
26255
94710
62203
4523
51634
96715
13512
53554
26515
49873
42486
95494
77878
83365
37812
86014
85884
98273
11467
28404
72043
40010
36105
85034
76349
28921
31787
79311
80648
33637
42174
12591
18334
63425
15603
2050
37737
21322
85724
62519
96942
42681
44539
992
44413
15846
89925
2581
2726
31409
9608
25688
30379
81269
20990
43407
25740
66094
44829
94841
33273
47359
26615
84340
96765
28954
91179
85198
89466
41213
21514
36652
8057
95678
91725
45422
45528
9916
1975
9686
29449
47282
65992
55364
32216
82703
146
98807
56913
75212
52918
148
53289
98231
39264
4488
17399
57329
32522
76356
57555
83626
34053
65349
91660
19198
21868
55134
4172
82309
44523
33776
59856
95867
71620
23685
60923
34690
51402
44593
48705
47185
169
43603
69082
92217
82053
71524
36591
10172
6519
31625
63540
3338
79629
2160
6802
68371
39111
4790
79134
43096
84692
46890
23317
98641
42319
77599
6897
71624
62442
67551
7841
81518
96602
7622
80598
56539
64408
87597
66119
15394
53036
48104
40431
16612
38934
36468
70816
75787
52931
76297
50467
73084
25178
45917
27897
75810
85956
66320
15428
41038
72858
62892
81684
75947
54254
11819
34710
35215
31155
20958
49280
92761
91899
3347
68682
17112
36647
45177
41818
39714
95572
44902
63848
70996
90757
17701
36351
37696
41825
6935
34343
98715
77871
94344
52906
10065
68152
53019
79969
37285
3141
46515
8400
7035
88589
64118
88411
17091
12784
13700
43630
3889
91012
94646
32827
78988
13605
36453
80708
91140
89918
37822
50373
41514
48643
15195
65898
56528
59526
278
70550
12196
65185
66133
89274
35236
71983
30419
7175
22800
50792
53713
71180
15077
63724
97216
70540
70597
78361
61305
56045
50680
66789
35909
80335
98655
24037
94753
30150
56665
35342
68231
7069
14358
82069
81840
14641
59484
65881
301
19437
92730
84871
6542
49460
54794
9194
53352
27997
1421
20255
65852
25746
66012
96508
25348
27238
31929
69193
43043
76346
85300
53959
56080
51288
6194
45979
42041
34010
72412
3595
4141
98698
98312
57466
12874
64003
48823
65862
23606
64314
47736
77865
16579
99755
19397
7144
1564
43689
16301
78441
77344
70377
98216
79522
99247
19328
1029
959
41101
73085
30416
16617
84975
2968
64151
380
73155
63071
70863
58770
94187
72999
87585
33154
97320
57463
78312
5005
49370
75144
52959
50722
74148
64299
70553
66495
6764
57617
8404
16037
83471
83670
21430
59515
42127
82191
33770
56934
53426
61648
51984
61951
60602
38425
1105
46679
1067
68963
88572
69251
52856
34879
8425
76181
89383
60047
70607
78460
87810
90719
6347
76426
31651
85416
99631
49446
82888
42168
51889
31909
87864
95432
26617
99957
94752
60380
67071
33621
31841
59706
68489
11414
89491
54693
77593
721
18850
19626
94254
25452
27476
44993
630
63232
85755
41824
86704
87080
95877
15834
67961
79208
8803
14513
78710
41919
58834
27032
16205
69689
67508
20766
16426
15799
55464
90621
43154
5449
48181
26174
22026
81879
69200
30716
31463
452
49145
66108
20763
15232
53946
24002
35928
2723
92314
65969
32077
77145
70992
61321
33104
66343
67085
83025
30382
45472
44009
50256
49082
51415
18188
53992
8539
11698
74289
71665
50643
67960
86584
29021
77988
80298
11380
57845
26782
4293
82270
73224
6796
89981
34263
15032
96214
42663
55320
76707
55493
75834
99521
86076
78222
80538
69263
81780
86640
2256
77935
59364
89120
95459
31536
99402
61114
40931
89070
95240
69912
32886
3927
81412
81568
83106
1195
87898
91019
42881
53298
50489
60491
44222
29605
6052
2891
11700
10273
19090
28036
46767
66031
1951
96876
69324
77182
23540
54434
47688
10984
77295
91043
48484
95778
13502
53291
39537
85622
20676
2054
43860
69946
10979
24156
77200
57480
26437
29538
24216
82048
94593
8160
36538
4816
31655
28660
98389
41344
8442
71370
81796
51772
32548
99394
98470
59030
17824
26464
28771
51725
35032
89327
25307
9708
11773
33470
72293
52805
46698
53991
71507
20143
10482
46062
31838
82972
19869
92302
25308
94230
18825
22237
67742
602
76603
58151
50895
41668
74132
36987
69573
47605
99848
10622
61719
76743
66699
22379
30949
1813
67682
31839
25363
36353
626
76051
14225
63890
34877
71220
628
631
10326
22751
6087
87574
46879
92771
94092
17001
75694
5643
93284
17039
4685
56591
1912
16539
31053
31502
41126
30409
66247
25694
49987
40775
94963
43525
14035
57420
2358
49615
14055
18168
18671
82838
42490
73456
19742
71959
4960
72657
64738
24722
57093
83112
26471
911
14582
58050
58650
95812
35297
48961
45720
45181
32937
93162
5642
29347
96159
7270
6550
16127
15275
96658
64289
39263
11876
34313
73832
710
36525
59086
75069
97986
95665
68140
65186
57308
8857
49782
9276
71605
32469
73478
10557
73449
24426
99886
82242
97151
86846
88488
74302
66541
84682
727
62911
9827
90082
68754
55768
94062
83896
51727
47188
56904
90096
3949
36695
38674
2062
89840
75593
39963
28951
92109
63068
53233
16414
90776
60161
9083
21334
55415
26328
27540
58918
1079
80084
41192
54953
63004
46284
26729
45070
7730
82429
82102
54461
57804
49852
96936
30223
21123
6387
5589
47568
73615
2842
43591
60014
63090
8971
72053
73139
81702
63734
7767
69614
53695
45037
93279
56110
36279
34280
25724
5298
11836
25134
7501
13628
23699
7367
68994
22167
4844
70580
31055
72650
35947
29827
1768
45635
4762
76776
14900
21806
48970
70453
1072
45457
95876
842
33810
32468
98464
81409
28890
47909
58923
73819
65452
79713
78245
9795
81604
850
55497
5162
3297
80785
36093
73789
90592
62358
91540
99773
88400
60523
78784
25421
42967
13740
1654
45430
97318
7560
45314
86391
91631
76508
64640
19963
40929
71033
41892
75459
41490
15569
40506
16364
50876
4564
21207
41375
44163
70852
65072
47862
35241
12087
83394
3408
31001
96925
32966
40384
4222
86881
5284
34399
63986
55510
26234
31561
92455
21704
43330
66876
38082
41631
75565
29873
91219
61908
80194
56939
73332
64281
69460
63186
85296
27370
47067
22053
39359
81930
943
6038
19547
81077
61270
88207
46738
9868
11953
65218
39220
45079
94743
63878
51979
72218
24804
81771
86970
86554
15700
49643
49818
70662
4096
31370
68270
23291
24548
41578
73887
15342
78300
75885
15674
6229
1836
39640
59705
96743
90211
71164
57918
79038
21196
34464
40776
13758
29540
11449
55386
73558
53236
17863
9805
44457
21438
48058
50767
29596
89323
5997
19510
15539
97951
47977
61820
35131
1059
85562
68258
60011
42383
97303
2019
24019
68740
2614
34125
35078
88460
98966
4506
18686
77558
75943
43468
84976
9017
62506
15841
82212
62487
13300
28796
93170
99264
49247
89019
62936
94398
3167
53831
2544
79364
69775
52137
52929
94384
19308
89601
31833
68935
18139
22185
30426
51976
1122
98024
24999
99129
23452
24954
60042
26311
6957
13465
57892
55410
45973
58158
7801
89031
96740
19277
30915
1348
68936
62947
76189
55925
64195
67570
56084
56518
23938
10387
5616
30511
26856
25221
82561
82385
69051
9177
39024
24062
27754
81447
76823
25980
