59808
98950
13308
8265
28328
76525
24257
60112
76739
99495
50007
157
20571
59389
35208
77997
94750
50220
44462
25841
78989
75750
25397
23586
52953
64318
65087
47345
72162
84701
12917
69388
12334
31950
10034
40559
17936
20822
59499
86395
88797
80752
94313
20891
76805
41694
35041
77959
89864
69972
72994
20623
93149
4170
37225
38432
78348
62960
73612
34279
19211
7718
12431
77702
74770
15334
30264
96257
49778
37208
67579
92137
31131
45545
9150
78426
37706
39069
81652
25726
87572
38525
78432
20356
86794
42153
70107
92798
97866
3585
97198
6177
68649
85465
60053
16222
16794
80202
54194
14562
75033
40629
80607
14454
15675
85468
57806
79162
48223
95701
31965
52340
45312
19539
47570
16702
36952
23218
61849
66399
93897
16768
12377
37139
79411
86784
26502
72236
16077
60076
27216
53334
26842
38245
37326
57023
26570
38836
40340
56370
56560
96677
52675
6466
89642
80893
65770
38272
81548
79241
61331
70167
10958
79586
62324
1078
37446
32617
90267
68886
97437
70651
26804
265
78215
56483
18324
29959
86120
41771
29372
53891
588
9234
23030
648
70325
46261
24670
4665
15416
15964
25958
30118
54145
4279
18118
53206
6404
96808
26498
54769
20747
64811
98486
64850
33244
37827
14987
40829
75725
99444
88373
77777
56163
3844
76934
85515
76578
80715
67056
72223
76236
95228
2892
60182
52633
31090
29776
55458
4911
27380
26925
77167
63286
74410
27041
60398
81139
13629
94967
15852
28748
3579
12904
85434
20925
16825
69575
75648
39374
30533
43582
72125
36521
91539
24287
2980
88321
87039
4277
15278
30723
20980
54943
80556
2053
62666
64365
48109
75271
66947
46920
98491
64244
40375
615
15035
1439
20667
52958
25127
64392
2552
43374
17217
77880
82927
90126
93336
73619
88792
66341
51900
1290
15599
60156
2667
80496
51910
65182
31083
7966
37396
14591
72093
44418
14724
65718
65838
29271
56997
43382
46549
41595
87622
78099
69948
44335
11231
89821
23755
63894
53461
62455
38054
83495
36966
69292
42720
88750
23916
79980
4020
32035
71433
7710
77383
96643
37923
28118
62916
3590
55802
60472
24424
55117
79633
90732
33559
92725
86306
44802
88845
45936
89913
86823
87931
64443
43309
34210
72658
24576
20334
1683
14085
49569
62256
95985
94290
60147
8856
53181
35080
63047
87658
8935
65460
34013
75987
33384
5118
29270
37493
48934
54750
73868
97758
99865
42073
73253
60775
64660
56457
49839
56044
70853
10660
97867
58413
79015
48333
9718
89960
56928
97407
21919
50520
69468
19410
13287
42542
19783
65437
92099
23772
22957
26699
3181
72564
15793
47184
53025
18128
70407
45477
23576
68428
38217
33256
98488
35608
87328
8700
70717
897
97598
37103
98347
36417
2251
27996
84545
35957
31177
23762
39151
1075
55722
78386
90786
75900
1142
77068
97371
1241
84082
5633
43551
97567
33657
68884
9293
97423
7302
67243
84073
77056
7654
63806
5541
95481
37001
18996
9335
95340
68246
63897
27848
92320
25671
39449
78517
57391
60883
28189
5010
87884
41802
78230
28758
25398
50003
56688
71358
46716
30499
72812
35955
55952
24429
92667
28784
46302
36859
23189
38662
83079
63690
34221
6392
34095
73709
89891
38042
96970
80793
56628
41616
64393
30781
92573
70126
4171
9890
82330
73445
59206
94692
72771
54576
88166
72071
14687
42763
39959
35924
40026
24571
95944
94288
92501
70924
83812
28437
20639
86366
44627
16490
84289
74254
12475
27207
67246
46409
62299
37897
12518
4089
41868
68449
22055
524
68422
10864
215
28779
94352
72715
5793
93255
17214
66597
84487
307
59531
1831
85674
25487
42862
81294
77676
65741
48263
88522
1785
13324
46912
59785
15950
42686
22666
42110
41406
45790
57812
12030
67159
46776
96466
25850
80819
30267
33343
573
37210
72164
27134
57627
83881
94248
7410
67232
59078
99122
16953
9115
24695
6358
92660
5090
93260
89388
21012
42436
64091
28700
50593
5468
29843
14814
95513
81276
64846
79997
32117
40715
751
81989
79556
776
53936
41913
80886
86746
37369
39678
20656
92151
72685
88146
47991
59633
44640
74532
26155
92173
17275
1030
75221
51323
95717
99457
47709
37514
85146
7136
75334
55699
99774
22615
54285
92990
96662
67004
30184
13895
9990
73471
22274
93872
19343
45185
17082
1789
8885
22377
21359
19477
42882
24482
85388
19855
12215
97410
70644
98262
46806
47413
1624
36034
25112
99643
54466
16975
94572
40320
83374
73604
56472
53071
4405
6162
12464
1829
21669
24972
30956
77432
44887
36708
56686
43969
27422
38181
86521
13304
31842
54042
29948
4468
73897
72876
19811
63321
54195
46775
78489
14268
9344
32305
23244
6663
37320
4616
76938
18979
92473
24578
20315
99879
60230
2426
87885
70538
39337
78168
3669
55226
88172
42498
13386
58383
15160
28666
44588
47173
89389
60217
62359
94017
79026
2716
28724
96997
30114
80206
65842
84513
40558
56331
65395
76420
70152
93684
39645
42778
77526
72232
9011
68050
17076
81353
39665
88368
15393
86977
47912
73909
37752
60843
87642
6731
27211
8790
90541
64426
24965
6292
55227
88173
26270
96369
67887
50806
56097
84410
85214
29937
12970
77863
76357
53274
86442
51126
90930
76601
34880
94239
82059
23031
69381
80989
62125
77270
38189
28482
43523
52565
27265
9958
79711
93105
86207
89643
95222
22253
32779
63280
1022
87842
59091
52753
75839
67220
37544
2162
70727
86134
46667
154
46861
12175
78681
31810
67162
98311
84985
80094
42773
66927
93820
46865
49568
67544
88927
29693
25146
55332
10865
75091
7525
19879
78843
67726
4511
9351
81003
75127
56034
90130
42796
84541
12207
3887
82697
23566
41817
14865
65464
16326
26738
2340
16805
52395
386
20569
39271
1165
83489
404
93259
78683
90202
795
18143
76941
94730
64580
48401
68198
15427
81307
13571
72455
87562
89983
60291
91432
8384
37773
32354
19538
82388
63139
955
69325
81981
73555
37174
35403
7540
64228
66314
90827
80530
10819
65765
96560
6557
75759
15990
16632
8060
5943
29152
98477
3198
47485
62133
29445
66605
84868
18446
75434
12120
13542
65987
66741
13346
96795
93041
35182
50012
10851
78107
78746
85453
14029
58156
88101
50820
88017
92040
24068
98548
69431
3572
90241
9016
14224
1129
24822
6947
12468
97235
88810
36664
94587
33982
23878
56624
87619
58461
23679
63374
10232
7312
85574
2000
56631
62724
58885
18286
48524
45101
30101
30068
18904
44763
75117
64055
1495
35480
72995
25284
60184
15980
60982
5399
23761
15516
54758
96806
21049
1423
9763
90712
57778
25732
88056
58507
45272
54638
65920
44391
20626
69197
60941
27964
19634
61733
84476
84245
73396
22774
16046
33217
94102
49835
82534
56693
32347
17170
8027
10008
47135
96228
8156
81540
45138
47095
57588
78133
4705
98154
26133
62845
32164
91111
60989
16678
14850
66020
28262
53398
10753
51915
41305
8707
28457
20180
2904
29674
17426
97555
99825
87263
70274
98977
77987
29369
28040
90222
38653
46321
45515
21966
58123
69171
3424
92743
15134
76397
20781
21921
82823
44317
83933
93005
57169
69074
6888
30806
89819
22744
93738
13395
7376
51409
2816
43110
57373
31505
57120
11230
31369
47085
54007
20057
53328
87786
3832
98644
41067
25084
31280
92585
12348
63415
83754
12147
71682
83765
39158
62761
34731
86189
20153
25725
73516
29312
54799
32424
62601
27727
28698
32169
63751
30582
92552
46551
54596
70541
39748
70941
45485
38338
36334
66339
69612
83095
56784
72998
16916
9196
68524
69756
13828
11217
27595
72163
8588
99230
83302
21776
92406
84471
71091
41949
93622
82116
5845
19350
87407
31027
6624
79725
14925
46034
71048
35835
39342
95344
78465
46038
27999
73333
12301
33793
27270
84078
25263
65700
93249
7900
84083
5287
48874
45841
20723
35067
76168
48856
44303
28556
92415
13547
76220
74946
68923
76526
84411
45064
33444
10056
468
39395
17876
11799
17102
24848
87538
74269
86003
92335
38148
29725
39667
3521
66655
94356
59114
90801
36912
6351
8904
80295
61713
29087
33509
33388
96326
10986
40646
70694
88807
68526
57184
21541
3971
49811
35629
93409
70378
58499
91900
69779
14354
70273
89880
4215
82509
72222
87385
65165
86002
82673
67727
84935
43462
89331
44196
73191
33310
84001
351
70259
58825
84966
88117
78052
79264
52680
79769
61580
76361
38966
20970
5843
87908
87922
90570
12496
44279
43415
26240
95886
6130
68450
81623
10252
1935
33316
22037
52681
69905
54077
90155
14083
46868
61605
30418
54088
8518
27349
62005
93547
1277
80982
96461
26686
56325
23607
51840
8070
38699
56625
36096
47571
35419
37586
45747
26375
7098
17174
92476
54121
64637
93411
82742
88727
36612
78011
19078
38447
96535
68957
34747
27853
34806
11936
52888
46847
15199
99006
3479
96053
16038
75914
25808
16919
40862
76946
47525
1100
16782
14174
14935
41746
12039
27684
50562
50404
31084
11436
51664
42475
14575
19147
23928
97627
52923
19173
28865
90891
51644
81774
88973
29256
73524
3894
67285
35049
38692
93523
70685
86559
39669
80436
73076
45478
53932
36424
46213
65168
36962
96605
28800
13524
38051
50248
85153
97984
25570
2330
48253
31014
62720
27094
63138
3391
40353
34842
79283
99893
5288
29409
81641
56341
22473
17302
80333
97542
40524
59615
1099
22596
97336
99409
80536
2993
19392
66851
46169
44252
66195
48981
18285
78679
51577
36711
69648
23750
59040
90890
39465
68451
97665
25678
70310
87669
29446
15395
57018
71001
21530
95780
4048
13106
45082
62323
28542
76448
58261
20567
33580
23125
49397
12362
58185
11190
1708
67069
6182
78641
78715
30942
84902
16212
22183
2969
48929
71478
77903
86978
18467
10080
87664
38280
56430
71035
92326
97657
84637
4111
30148
74492
55129
12124
45107
50227
9175
35238
75031
96255
77104
83456
47223
55023
33307
38516
28834
38755
73453
98153
64082
27178
3481
1796
97012
4274
65840
7478
50831
90315
1833
99337
90507
17286
26889
15305
87024
35622
63709
33102
49625
57541
11185
12886
2106
95283
61788
22128
43028
74888
91688
63362
75300
25532
25926
99663
39853
51197
59898
63091
53464
18200
77232
87145
28932
45484
85068
2249
21277
2257
74603
56127
14874
45215
99493
45769
26516
77547
90873
38670
9322
23620
89867
61241
6053
27318
4907
34450
58417
45550
86665
7864
35214
99719
42994
25964
20788
51650
2548
24545
31556
97159
21004
9727
21829
87296
33369
81239
20783
13572
71136
85684
91085
50737
75842
17714
30973
91712
54378
2843
7971
78156
13136
54789
97376
73575
5160
27112
34838
75659
82689
82323
45710
53079
42299
79821
4365
39795
65983
80201
13801
98652
40463
89118
96978
20096
78467
18106
40251
32351
42072
14576
49866
33927
91945
39982
68178
81401
15665
84745
42424
3504
32120
51535
42322
93267
19827
32587
72648
82213
89655
41704
41877
15324
85975
75365
40410
77854
67706
12004
38769
64112
97949
42889
8667
4174
74752
50809
88096
84119
71214
91474
70994
58218
16720
25745
72007
72002
73525
39900
72252
90003
7108
75070
36384
70793
39817
39464
87775
93330
21462
25130
20574
22166
31311
24591
13659
99966
57808
23725
38204
22407
71271
63318
85076
44603
28977
93446
96744
57222
96256
11982
77451
90793
43596
12532
89774
72314
79559
45093
94121
37058
94678
39636
5440
52264
25966
24407
84869
68346
80846
23506
23
93300
53635
3682
10611
56846
76157
53093
41345
62826
14086
87706
10197
97081
74583
92883
40797
13862
51591
16359
3118
64116
1135
58246
5608
23267
37441
33636
42631
159
50221
9183
74659
81463
93939
83888
49419
90299
99690
90117
12925
70176
42242
50112
9192
87387
90837
23764
99496
4689
43866
80089
28071
201
17409
53656
6462
27514
49552
42741
10390
38928
58836
70647
92753
47183
65804
64328
67479
3040
73833
56540
83360
14014
62129
260
61860
35169
98155
74378
85794
80133
276
68927
74401
79186
5246
70123
72120
12306
51181
53407
87504
85572
31545
9812
12556
37591
94864
31394
47030
98079
43127
23618
35579
34244
94980
10431
39009
55986
56561
26341
29910
14716
35961
22922
68575
58765
73131
25921
99605
26462
78827
42399
80468
58539
43202
11531
91106
29155
45791
12476
2135
88208
39347
39284
38354
4045
27926
21847
92324
89633
447
60449
16058
38455
51562
67146
2666
26662
14109
13314
466
38654
56787
71103
84284
5599
67901
37797
58537
55990
28300
58068
4002
69328
13522
5699
13111
82285
88933
84571
43176
35819
23906
39104
23688
85474
41361
5455
65191
85192
66361
24731
97289
44673
95632
49249
42314
56017
12806
21244
65673
82812
71820
20171
47098
50619
36529
61553
8155
85852
63190
25270
4483
27767
84532
58340
94582
9879
77548
31494
47806
56400
35689
18372
16967
47027
93412
15480
71054
19525
82391
54464
66349
69968
24217
56199
38459
75651
43540
11756
39191
77562
33515
96324
4231
33569
66815
25275
23655
99349
14071
88029
31518
55886
18078
21758
64984
9042
84788
55027
72341
31261
72533
64877
7897
13509
97455
84907
88372
59193
92767
66287
65251
65371
78101
11717
38648
21891
32151
76158
83736
22655
28199
19870
54977
91890
71226
74462
16925
36734
99691
55028
86680
49875
24063
3781
1218
15961
67464
31776
26323
9029
88742
36113
39995
58382
19492
27357
13379
74339
70666
32135
29004
1065
94095
15553
80357
44475
61205
96295
35295
1115
52845
48037
94186
50501
22169
30793
81405
83119
60072
41780
21267
49087
70563
72683
79749
45252
49671
33622
1215
36619
30988
73885
64913
3501
65545
25571
1248
37353
73294
48921
30979
85816
65705
87184
50424
97239
59087
77163
73617
51920
8590
67248
80783
24872
4692
41869
26534
33631
53500
83665
86783
38810
56106
1467
44978
95014
1390
1396
31553
76239
5336
43473
63693
64444
3052
30982
45988
88334
17889
52415
62741
71212
44156
42983
57923
53428
80426
15632
40793
32154
87355
31168
71374
95207
23534
64394
41008
2193
74369
14424
95991
17402
95306
83989
15341
47758
12010
20761
48553
12411
87709
92172
74496
89856
27523
35106
24716
94693
67138
46815
38258
31548
95064
73580
28258
49448
64205
22520
39304
50552
3310
50509
43101
95773
79081
1797
64700
54914
90307
25269
62149
2334
51072
74112
80451
2876
68362
12930
1925
69030
1969
7844
14477
42433
45240
29617
94122
78946
94558
24255
54807
85514
88593
12021
80797
68440
3574
71440
90538
88235
83464
43744
69400
30201
87659
93878
34977
40188
88619
77972
60446
89499
66248
80869
64200
87064
49593
24803
77682
3088
98809
50293
67562
37458
30570
61921
84327
94085
28333
20292
75609
28294
30187
90828
88328
26364
55649
20477
74050
2439
87063
71660
76151
68855
86154
26719
89961
59997
87341
90525
14714
25051
16780
64103
67743
34069
46770
13387
36450
15575
92145
81821
77522
82083
82849
75668
81639
99058
51791
14178
52759
32969
81899
96641
95046
28773
41531
40285
10982
5706
43708
26607
57723
38805
84643
94996
97879
22452
50408
56725
89374
25565
93111
84900
59346
36854
96013
89863
92589
75605
4010
32426
11828
96062
89603
82836
12913
75655
27922
85591
73239
68458
67517
4521
68802
10948
79925
82167
38567
37050
93233
69385
87998
50847
93290
40483
42785
4295
16786
88989
59398
39710
28582
14350
31380
9319
43847
31542
13031
91157
76442
51724
53595
49767
6235
32534
53671
87248
48396
4879
98309
35132
56627
45383
47819
84749
99852
28562
31484
76666
68990
23418
24433
74197
4515
13446
4026
6895
23676
12997
74361
50618
34603
17410
45127
50130
65809
8161
82472
38440
76924
19096
72269
6361
4704
46416
81601
34976
82507
58578
46447
48996
61787
33053
64745
75301
10693
28928
96650
86144
99490
5252
27800
94302
80892
48035
9327
46305
96099
81885
5675
91798
62294
68765
77371
80462
61417
79396
8367
30789
87183
66785
63853
48331
25080
6798
34176
97476
70163
58553
87324
17335
16069
78293
47594
79715
19642
77671
49104
42321
96086
53657
14469
41656
92576
64482
8515
28814
22163
52481
56462
31458
88802
17056
21807
11916
68801
58915
72017
94872
659
13735
32775
8600
36972
21878
14381
39180
36157
29140
11962
25927
83748
63800
2858
4162
79420
72933
98317
12434
81993
29284
30929
41416
66577
55701
33066
89866
12382
19259
87144
45707
21786
37487
48496
42875
7993
85140
62672
76007
36065
88167
119
47007
17709
3045
26003
7181
97099
60625
14683
67193
38649
47053
80494
82194
96825
60348
56113
17821
28061
53556
92271
46691
50278
75853
33896
42071
9216
99103
75884
192
56611
40761
60950
80711
3293
74853
87174
96673
97904
220
95479
84237
91486
89681
36001
94727
94708
98889
11284
42708
251
80395
88323
54011
83276
71346
50436
35820
81614
74317
26933
68457
84075
68406
15280
34048
54583
68522
58281
16074
2617
49316
47595
97003
20208
27817
70746
88424
29438
49119
25104
81883
68273
17551
79712
81651
40050
9759
56322
28351
57123
12686
74334
11063
85638
6612
47786
79524
88934
56205
48288
38747
90756
6980
78100
48227
81902
49910
63448
7975
22942
22917
14190
2859
70047
33411
63873
53945
385
7265
13255
14689
11455
81415
6915
12280
19504
63129
45164
30782
15309
83895
38372
78304
47727
32699
64473
94837
21923
32900
12615
63070
46587
16350
19203
35045
13328
56104
668
15121
15647
16372
51842
76320
1980
44688
27358
67558
14373
73162
76775
5145
7902
3723
46568
15178
23615
37963
54670
77334
67467
22807
33859
6286
61676
54204
65192
37255
89513
58244
11353
16336
98583
75068
14549
95642
83455
21875
85155
21273
28112
69463
50418
51627
30903
2536
81608
7444
574
27952
32778
67321
26142
40425
61229
10575
82031
6491
59589
74478
49871
71777
57392
57105
1092
12315
13349
96312
24688
27369
8952
77250
23567
55915
66355
1845
15250
29808
94578
67242
38796
1878
48853
88935
77313
16709
66008
53466
41801
30287
3724
31174
49581
60325
54965
23760
46217
8267
56039
69943
83908
10617
53545
22920
45065
69826
82944
22112
53980
73342
16281
69808
32880
68874
11686
22851
92188
61143
36583
60511
39777
67829
29833
38861
30724
26465
38657
39721
35440
49261
40028
32546
69008
31934
37809
25704
57683
61959
89400
54012
4030
72499
71410
98349
53064
10840
61036
88124
70465
50269
61448
70984
74800
19234
56329
97004
7260
22632
90331
61891
77137
46870
16595
17692
73259
54860
35225
33183
12128
2085
91882
68504
97259
63504
25633
75066
94685
49385
98580
33640
4607
90017
95816
81776
48655
78498
25541
9974
14942
5679
37420
40966
8438
54873
62187
50341
930
88499
37846
84469
61041
6839
99581
83814
45786
96629
44761
36409
30204
79302
20968
56132
93372
41775
79314
98587
96066
40325
8814
84810
10885
1380
12555
9440
4940
47459
48118
52042
25060
70078
74838
12421
13303
79612
14012
38807
29272
47636
73349
51296
83492
86152
1048
53124
37019
67091
28886
15631
53803
35168
35568
91682
3633
9733
76744
28952
21206
1414
57037
86760
4209
28026
49098
78613
68586
57493
21519
58174
17169
24232
7969
37102
52189
33197
65856
74514
49401
4379
43827
83153
35997
82343
11046
37731
21056
52924
35036
48472
42826
49590
80743
75346
29685
81720
95746
2086
98016
83777
43759
11815
70933
58287
94690
21234
99027
26316
5646
21471
72377
77888
32184
32616
23775
66051
88847
95051
69002
69365
62158
55906
45369
23917
52126
45449
1402
1406
40070
4991
18422
68925
70947
11603
88194
28127
94408
32785
14349
46394
59647
79187
56914
83907
37323
89288
45799
87770
90177
63408
90537
23701
58705
57752
15036
77404
39469
7561
81725
1542
97985
24997
96404
60172
71209
63977
99812
12791
95926
20122
38777
43278
12442
34839
44691
21840
95192
74599
60811
58538
50155
47818
12247
51602
12122
95269
3155
85518
15951
97221
66126
30146
19729
59080
2321
14274
12825
30016
20959
11191
46343
44727
64397
22079
11181
34840
74076
92050
70989
25321
11071
59284
4721
91030
20395
40196
1776
37860
4695
2750
84214
45680
16346
8960
41153
93180
65163
4766
87969
20207
19570
66151
86311
50832
57372
21335
15698
87224
77882
98576
15695
20819
43436
83703
16492
48034
78798
25106
40001
75941
77668
17508
15699
85422
12148
27283
90272
35767
17724
6797
4029
82600
62591
30902
73498
41293
84427
79562
53896
80726
74994
43597
45608
59688
90066
96924
57964
44426
23771
7624
28620
32578
60910
17194
13702
17047
44342
6929
16719
65967
86261
30141
67981
54010
9829
57915
55613
58780
44666
52793
14860
67462
30952
4369
24175
32650
58932
13329
38526
44878
41026
91886
92156
82440
58920
51474
16252
24691
42656
22919
27356
11920
77486
19420
80980
2422
23063
79707
62063
8495
14542
4370
49779
91266
35144
25984
44634
38787
39676
95732
35259
70293
60715
50565
8232
36083
2532
93106
48326
19627
84185
58387
94988
90064
14889
6630
91745
8854
97261
50595
31927
62266
17601
27127
96047
21889
93664
87823
42179
81955
70388
52235
63217
9292
25231
2686
63834
64975
19780
24046
53949
59413
8986
55753
41525
55002
75961
72469
97778
50184
9563
16155
19300
58754
78931
57447
57065
76574
57178
47569
31576
70182
42587
91975
13606
75240
54259
97562
92969
71345
27504
61092
71745
33861
2995
32804
50461
58275
45887
4273
92347
61997
47788
45886
46462
88622
15894
84770
42616
40549
14365
52733
31398
40993
3220
21432
71112
3242
89279
51022
38727
87082
53387
80330
73889
3290
73066
35324
79569
57491
3348
38246
98556
97625
3378
45192
68753
22440
59713
66700
15981
39497
97049
84877
82814
43753
88450
92535
86825
37418
58033
62507
90479
18056
28716
47423
3638
52875
33073
3668
98186
32500
32983
94438
44695
72810
86440
40127
34097
42027
31805
42925
21348
49620
95431
22719
98439
90603
10133
13746
81797
9896
96233
25631
73974
13482
69894
4001
44393
94003
9567
92252
19223
61726
43928
4109
87264
79812
29900
95206
46579
13302
28067
74090
45549
17099
13816
89818
10347
29926
32449
39159
25928
30668
38090
45448
14145
93530
53516
67493
53666
69719
93843
23502
6420
65000
84249
83078
70502
76759
17622
35038
66791
40647
24188
77065
18040
32894
78160
62312
98300
66508
37069
9875
38984
77565
19824
21084
31393
45681
33703
82993
88212
72484
87121
23716
53542
24527
82633
23753
86923
82279
30834
35791
46249
18796
51163
71419
31707
73584
86354
28600
99486
64133
15792
41209
17734
51302
80178
26798
74345
10912
65674
99514
9146
64081
5963
15300
76986
46888
67160
44845
83903
82386
76435
17177
60627
89847
88877
42601
94334
20866
49808
68903
61374
90061
19121
43838
17617
28023
84253
84503
87242
31797
69156
60155
66948
82187
7509
6912
71255
96156
96648
34306
91624
51918
91771
83581
63973
54380
71581
69465
95170
27110
66776
48850
96337
57104
55984
23208
87009
56249
83561
16076
24254
44270
64012
80572
57396
74654
44743
90102
78452
69135
81350
7212
61099
75040
29785
3274
8474
63515
79133
76010
47759
91662
8162
72431
18917
79378
98264
57507
94799
21905
64985
43354
35605
2063
3342
67254
14032
15401
5941
77753
77112
97392
26852
2443
35270
49846
17580
82582
37832
14767
42055
95132
92727
23368
71085
33597
19439
14512
90613
95485
63940
14192
59737
28539
23547
13958
48409
27508
74988
34329
40453
20590
8860
68153
54008
94611
96435
36167
43065
12786
85457
18965
57712
27968
72577
14147
35279
26466
33860
10852
78118
52861
4713
7296
55466
68840
47301
37669
70527
175
44901
46545
51749
54822
34557
57885
48239
2231
95417
181
78297
74268
67698
4475
19959
32850
58513
13672
96101
14123
25728
30481
68590
52762
15686
87037
65398
36280
51925
72947
226
222
78446
81443
85654
26288
35421
15824
14845
7685
37009
88136
2631
33269
34805
62543
68598
70081
76531
14344
87115
29739
13799
64758
86648
40573
262
4741
63078
59954
61158
22411
4102
40981
33888
1111
18834
39097
93655
19013
78157
31509
74802
91033
98779
21107
82288
309
311
50140
69731
42774
17211
41160
320
37106
90088
19086
31391
27254
46041
62207
69724
96852
16126
8569
52221
77721
33602
9905
52077
1853
77300
29741
66093
84865
27059
58603
2421
69491
76795
20903
55993
22939
69569
97796
14309
85207
40317
52462
98848
408
79698
21540
54872
75097
24627
30745
60436
57193
17955
38159
6605
97409
81616
72772
45982
67843
46756
87000
32709
43711
78848
61677
4771
92309
70659
8345
46718
46769
55565
14244
15376
91736
37551
91476
92809
21502
64327
3543
44027
60568
6586
41255
7883
67583
36945
20241
72221
53245
17343
11305
47654
80057
6777
55718
47241
5523
87306
10363
94419
9553
72485
31859
33034
23377
1261
29447
85331
12218
88232
25932
14185
76758
581
56542
40234
40510
63954
30590
25876
21920
88548
13969
87280
25881
52913
18360
75148
23321
42567
46989
90316
93428
44985
59427
37913
14903
82008
81001
93910
30381
16772
7771
90424
63571
72909
39030
18735
10453
8386
28799
29292
73356
35612
28237
99674
50515
53645
81747
14583
64631
663
38898
39950
53230
48023
49681
68829
93883
95770
51013
97219
61332
54700
74394
19458
60327
94679
41532
37870
84074
70317
30182
92174
26818
77337
17192
84298
6675
81029
54053
81574
53248
82608
62310
92786
42650
50585
86194
54820
64935
38299
1474
55183
64050
37871
20937
64322
89348
77610
25890
42694
80363
86256
56912
46172
77728
1305
33204
52348
96904
95724
68127
11068
50980
14938
3309
57377
73439
13343
22738
49301
43162
5868
97921
89669
57472
32416
96044
44804
77399
8393
11100
24157
65045
53161
45921
63810
7018
90386
90019
13952
70504
92712
84930
93115
98989
46362
75305
6181
95434
31147
23228
91447
12269
58942
98246
30887
62212
21609
71737
91981
16667
47082
68312
47839
60888
15782
65948
59494
14078
78723
45711
48636
68430
25037
76241
32220
33965
47706
40786
1589
31476
17828
89170
932
935
69189
89299
952
48142
31389
75524
56817
36195
80547
20814
81691
12136
59309
15431
93027
66879
36613
90789
96240
68557
29831
76922
36802
94436
86308
9025
1809
13912
20867
17236
85147
24414
10776
22930
56240
10241
77781
26749
15624
93342
93590
58775
59661
49084
99425
60561
42726
92120
42325
14040
16150
15908
15691
38244
93865
60052
12826
99228
43445
10633
37750
40043
55678
59027
96718
6240
79016
51179
77366
66364
84151
40099
58605
85955
7267
77686
4374
18370
83987
11081
3625
95511
47760
66764
49664
59074
46471
98177
82197
59748
29941
26111
2253
8948
16029
21023
80090
33367
93205
67256
41768
1198
32250
21127
96683
12325
71616
38756
72086
37356
36782
10161
43484
56261
71362
61234
33851
12513
27497
2736
66864
73351
30010
60986
20555
59470
26431
51129
49264
94822
4330
6666
10401
77364
80915
1399
87373
25832
66058
15097
94599
91869
57271
99902
39703
99123
10140
80334
8673
58190
69571
31347
57072
83146
29279
40623
45020
61895
33837
70346
63939
66729
15333
7519
72098
90195
43036
92558
43529
40162
59355
88620
45173
62868
51188
2600
15872
99722
63028
32166
61857
76281
95590
24192
27354
80582
3430
32316
56306
30295
8037
7088
81591
84851
98179
35033
41132
8908
98134
55893
88799
75840
60149
63525
74413
32340
32001
82674
22429
1534
74395
7756
50685
95145
68777
11736
1634
34467
13298
68498
54717
64036
79280
71465
55991
1575
54803
83389
99793
16055
70467
45211
7750
29435
3079
93747
85506
79677
28285
27129
13663
8118
76473
94202
65939
68702
26376
14119
70255
5277
25916
2267
38589
2255
81111
45592
58217
1684
38582
42215
72016
36748
77709
32964
8591
13964
79135
67788
62084
65149
48163
71081
11408
33131
7780
10297
89408
15770
43155
49556
91782
57381
73450
65951
86192
91121
80022
1787
77365
69316
84095
89838
84849
21387
53200
72872
25956
89779
73018
86990
37488
17205
67529
47958
50746
80684
43800
38798
61731
78682
95619
32510
6520
99816
3646
9036
16894
75511
98420
70034
1953
22104
98615
35077
33854
82332
88985
46978
85462
7656
72526
89328
97335
66765
2924
21228
95389
28945
24439
45890
17736
82510
27060
79919
31974
64827
6968
92414
77314
88915
67911
47333
2113
72901
53463
23731
78313
44008
97136
91815
75578
31241
96307
20922
42313
39723
15565
12297
66515
87209
41935
32731
50030
72879
86358
46984
96100
52595
37149
92405
28994
11236
30589
61961
18076
70923
61151
84466
24805
91046
37256
24233
11755
4000
2303
92639
9268
5635
49932
35842
88037
62815
63018
94499
56115
17220
36983
9357
26469
18557
57202
99227
33240
62082
85620
98555
37107
81033
87526
60471
5698
39571
6460
76390
94694
56636
89083
92027
6703
34451
41036
42140
77168
46992
47879
3888
2472
52163
33956
13217
58131
11636
48286
22540
59974
7965
57614
77855
59031
40226
88300
30991
6175
59611
13282
79424
21219
9565
9717
26981
45061
53611
39099
9939
28947
75037
90675
23719
99931
21491
16296
12742
14956
12533
16569
43051
22492
48160
80338
18138
44817
67414
89888
75118
6254
47962
98915
10701
57536
93498
21262
50634
35647
51236
3655
33166
74281
35062
68870
82955
80939
50339
96928
6999
71210
67577
22604
53090
85730
95077
16257
38564
87251
75868
55326
57429
4610
95580
43995
58302
75703
43801
2991
59529
57982
14818
8821
39905
38117
30770
91947
29165
59581
11325
9592
40624
54904
39048
51669
68893
57383
95790
14271
55289
10652
56610
26248
69517
52732
18396
47756
48712
44464
40428
72169
83447
65533
27031
81922
5917
8428
84729
95686
34081
30937
85938
3996
67483
3300
70999
46237
69814
50589
91957
42052
48481
74841
3704
14062
50017
67944
54785
78224
32602
26015
62631
56534
18379
51084
35088
35741
89362
80941
89697
11001
11846
80602
78306
71473
73682
81823
19010
73241
61767
90678
23077
8279
21764
92878
19692
60688
17579
64294
72823
3739
34602
26500
53913
59227
43003
57906
27186
30170
75400
47528
25352
88617
62745
57698
19878
91190
27125
44842
69872
13951
33794
48739
73969
41055
15446
79540
55299
26797
78914
37118
81352
22976
48598
60687
77080
71561
18119
48432
92748
80871
33688
96265
96250
14660
49031
97374
96459
42734
26724
95793
92373
84164
59001
67234
52366
47107
24662
70242
68243
80149
12639
25139
4441
99479
10944
5818
76060
77751
54471
84555
57770
78981
10123
24438
40755
4715
98856
54220
37494
10905
13662
57830
6619
39737
24321
67509
23440
80012
86675
85914
15506
44587
81374
49163
68723
10402
79116
74383
64354
64620
36867
44550
27311
55704
16089
53212
87860
42721
61156
32238
14311
48764
16816
7102
43142
51398
96107
65896
26318
32419
94087
38287
29301
42822
60226
14456
20522
75481
79406
43375
76298
73626
18543
67137
23450
87513
83086
78790
41006
61069
62367
79892
13419
30485
23536
78048
39227
77994
57376
29302
61002
39600
74535
89982
36286
91625
30886
21846
80710
15066
36133
12652
7170
17013
72898
91394
36274
17600
22572
38523
16699
67151
82667
42076
25853
32991
41022
86585
81980
75295
86195
88786
46601
65477
83795
97640
80524
17383
82178
40998
81357
54248
57737
91788
60105
66206
73173
68505
69011
78671
79160
96931
84494
74330
57732
22400
49064
14159
28916
32173
31470
31478
27855
15807
56647
53730
7365
44419
11208
40165
31533
34604
57212
16471
42456
82173
48443
69242
10616
54555
52470
37974
39096
80706
27724
34594
79742
6977
66257
26716
92220
12188
59126
50843
67821
15572
8477
11671
12735
34540
71483
77
16262
50938
49371
65343
73515
95719
15381
43694
59760
22224
6073
10055
51096
62222
13918
46208
29113
61387
73755
16520
893
32982
54533
3787
116
94115
68052
72331
86601
18108
87820
28777
43674
24056
25666
48418
76481
42662
6832
13999
39547
16665
93677
17250
82182
12180
27985
33164
36834
47961
25578
44962
37907
91309
94528
71712
65157
18584
83311
95854
17888
94072
64507
53744
41596
11665
86396
33721
79291
38566
53178
76258
70762
76404
19222
45764
84597
86118
59489
26262
34403
2084
17577
55483
53862
77343
29321
85208
39346
