47938
95775
28543
36318
46523
3077
87792
84918
11297
26779
50853
2747
40682
37883
89111
58897
50181
30602
84970
32840
14420
52338
61784
81083
6552
71957
29448
18089
65028
88308
64969
82207
21626
51855
59989
30404
57333
47877
63706
29038
41798
28550
83416
38733
92066
88390
32623
63391
28777
67856
71681
12171
98303
58309
41179
35964
17153
51946
35534
44872
16370
7147
79574
1754
54147
81506
67554
65869
10934
25526
11658
50199
68431
51711
80064
30751
99567
43187
18655
44832
54512
13095
11895
8114
27675
84044
48780
29392
91510
13548
43818
11904
56797
89237
61693
38058
11364
4024
61424
94445
94726
58415
89817
58376
52788
33192
16638
16373
87771
37587
27842
47273
17707
91912
93529
89756
33656
8991
73487
80263
7035
3247
91764
56166
58580
2128
24999
40798
79778
75890
63098
94423
19015
78190
31931
47815
87209
95506
92953
46404
42260
40946
37965
25406
12041
6471
21422
63209
15042
14982
93643
79811
98385
5080
36468
36798
34748
75986
22511
62626
19763
46355
33477
66114
86578
2817
23957
10449
54627
18087
16396
97182
92715
47162
10927
99424
45144
96157
96527
26014
46662
38286
30753
87307
93118
72099
87477
45537
43778
14371
63320
15656
73631
22159
66463
66136
73209
40955
31900
21428
50738
10791
73861
33451
56126
76784
63455
18086
63487
37901
95447
61359
54808
76342
16648
76293
95270
98915
83364
85248
87257
71205
50634
83270
29163
35125
58322
26290
75961
76614
73251
74095
6088
36677
44002
42604
34888
40540
64396
35575
65106
43534
29912
20520
13771
38366
89344
10085
94589
70670
2948
86273
40166
63062
14839
92463
83956
39432
13804
47537
54679
58556
59104
99175
27976
58107
15930
35043
72376
25276
73423
13632
3607
36470
68013
96453
38329
42520
27730
53930
79873
40282
21936
16300
70311
43416
87254
72256
55445
65069
61457
13705
65110
39797
90730
63841
3245
47895
58822
14816
34902
40067
64378
28560
22229
47006
8122
56152
47642
95373
58500
89989
76177
42944
67812
75111
21001
81560
18599
56765
76317
53824
83883
26371
31828
26253
47997
63668
84920
89591
58939
70847
12611
7202
93348
10294
16721
46106
16178
7679
57144
44003
54569
26920
25465
16927
57724
35127
21443
41287
84305
70744
43539
96436
64088
30555
52371
82019
63027
24827
96814
41934
45555
78830
19875
46318
42160
31585
45134
70003
82764
90943
9416
40843
91452
11323
92996
69584
38222
53187
24367
14346
36465
75381
20311
90414
88567
46204
63573
41763
80361
16004
35369
37507
53839
81719
63923
29810
9479
49602
77443
31864
25117
48512
15737
85483
90245
82865
13452
8068
96902
72667
21692
10416
4794
27053
4419
70566
30755
63192
26179
54008
73742
80351
80204
54435
66714
57174
88780
45176
59113
13156
99829
14497
80162
81536
14634
97387
30275
33843
49224
5806
90719
27267
75823
56660
46719
77055
57576
48951
59913
15251
51110
48711
44899
4868
51265
45436
94385
11981
90615
35660
69151
6927
36702
10573
56635
12919
34896
58844
31952
75729
54199
23210
96016
12064
15875
8621
59202
13811
16151
74630
36419
83668
39236
83082
70266
95638
97946
90838
98394
27690
44273
24431
78658
49514
74258
14311
72997
91064
54777
5829
56241
70779
40336
98665
35983
25172
31904
24815
23733
6151
81991
18441
44686
53297
39089
77571
11241
33071
87442
33662
18817
76266
17019
95662
41190
76193
44890
43931
93186
43375
47495
14787
39594
73910
24411
46298
55957
96050
6318
88505
68998
40652
90107
81860
21399
38426
69495
25555
33276
8562
10744
29037
66606
15148
21946
6723
91116
30863
96260
14018
44724
15790
22944
53917
48529
14893
89981
29466
59651
40582
99315
54746
57121
31171
85378
76207
91701
39673
60961
48810
34308
14433
43481
59926
48169
7665
8420
32965
72059
68989
45350
44263
22125
93636
13867
67988
96287
8049
96994
15657
17702
78931
28371
60734
82495
96061
14715
90433
84881
36924
18966
50471
37100
45751
76158
10181
95420
26420
94337
10309
19790
60595
99205
11573
9826
23174
92514
45415
16076
26727
65602
24736
27310
40430
61033
83070
57761
98995
60052
48658
16936
15327
43319
25407
31706
34633
52354
69977
85996
98935
17542
71759
69655
70693
45665
88475
99703
91720
40631
79855
36414
38391
79078
40873
17808
62238
96340
44596
31276
10588
24985
90764
64193
64051
7683
30962
24885
5384
44261
57413
26357
74679
92087
42568
91268
75104
12561
85703
29543
52344
98261
56639
37988
73357
53582
90408
97859
16873
1639
44929
55843
72334
29116
24928
81085
20028
13550
17128
59451
20337
38365
65996
82486
3840
39404
36293
74286
86098
59018
51543
55346
71195
90
72494
26212
76349
47037
785
77991
56454
28903
87702
46045
12138
14316
34261
82235
61636
48060
91994
77563
54445
78637
33577
62723
20575
8299
52043
499
56461
94518
33349
12921
1389
14683
134
72061
72324
55405
64849
99373
41643
98807
16653
9908
21394
47038
89276
70762
17298
56577
77173
68889
40445
71620
25619
74703
4484
60964
57506
69082
69889
58253
86758
77343
98944
60913
7841
99606
78191
41911
55018
52463
43225
50272
74082
79464
92539
37839
21580
36171
49713
4744
11495
58643
26787
74674
66310
233
11774
56972
43937
11875
33180
60224
97642
65566
85369
96576
34343
54230
57257
71780
77852
37005
11954
69527
26281
26977
14623
44389
6127
15458
99432
39536
23005
67654
13847
18233
30419
82938
41799
61322
26589
49433
27531
50680
48029
98655
72809
19013
37976
298
60721
70382
64887
14641
22170
22281
13177
39053
65862
45361
91795
48320
78697
71506
29397
65572
7189
44221
65271
56550
86730
76529
76715
59045
89564
93887
78100
36263
57738
42419
25822
92949
76538
89963
14698
14878
30794
91440
62198
9060
49446
65502
72570
37755
75933
31903
26617
96421
49058
13717
1326
94374
99307
25391
44993
99615
31127
57217
42724
73203
95993
43085
81616
67961
88374
69689
41517
62321
33176
23070
28959
46039
41684
68747
58820
87234
25161
80727
39528
22137
43434
32722
66343
88944
15482
75997
29753
27435
59495
97334
26377
26661
80731
33117
60568
30615
31078
31132
43815
11620
69642
47126
46340
50374
2256
15591
87712
97735
25914
1468
41015
56992
61190
45989
65861
73280
55822
51504
31910
3656
39633
25345
7788
29538
47793
38130
8160
76830
34545
95125
71415
65781
1874
44964
73670
33470
57109
37510
88548
75136
58456
58980
82544
18974
41603
