77098
25305
79399
56641
32062
626
71220
15617
38977
92726
92505
60691
64484
70404
24305
6479
62172
64631
70964
9049
41822
92707
1451
76655
19742
63859
83337
75671
5642
19696
20524
32772
96658
7389
44968
85234
1376
29886
70108
6197
68580
88304
16675
46874
62569
68117
98318
3345
52486
24395
88338
70151
56260
80695
99710
87719
81316
41938
13248
47568
81702
41030
22926
803
30618
67983
52962
68304
16244
11836
80675
74142
822
67801
37862
33810
48870
63295
65045
64026
9795
99734
22319
864
42743
40929
95429
24494
25798
12833
90705
15260
9349
95162
46869
73246
5284
18696
89871
41631
40094
21163
48526
18314
72305
42717
94743
29078
16789
53133
74581
64144
85333
82831
3740
70634
99987
1020
79316
99011
91137
1034
13295
6765
26749
93394
10278
16521
78287
49236
88519
71519
66322
38694
70788
47826
33029
18139
1120
56535
33123
54290
81958
61354
55308
11994
12946
41242
10387
12683
25221
7969
59403
4358
77594
26299
9937
76761
10682
70140
7636
10598
35426
98975
25813
42018
15417
91933
50570
70510
91387
47945
85693
43449
16337
72265
40390
53258
46090
18794
17291
72853
21803
28192
84241
1271
35503
23456
64286
36845
67867
4018
43237
83811
14762
24153
91482
1299
23638
95650
93172
56413
49405
91638
19440
1323
36216
69251
33672
73054
1365
72309
90739
43742
21146
77428
85001
14565
71390
86374
2122
7623
3019
33955
95023
50263
11651
35942
70484
24122
49428
67317
58205
40639
56495
92312
78648
74968
69053
25285
71781
89017
39285
39955
73650
3803
77519
1536
34791
28113
87433
80654
15051
95893
84736
68158
44590
29864
57306
11584
65250
64450
29368
36808
74283
62155
68042
1630
10844
56015
72452
34413
6687
38313
17836
79826
13882
22054
89793
16293
81332
51103
70223
37033
93928
80981
65888
36748
19115
22985
65445
80814
64018
90221
68135
89408
46330
1766
81292
6373
8106
13481
73053
54021
39436
36575
12289
89761
36822
78184
74801
22662
34022
11949
89959
99533
83159
46738
55737
82570
21161
19721
59985
39362
20371
2863
85712
70102
28028
47500
36185
8009
82573
12182
67899
2763
4066
1933
94524
37732
45117
92209
51246
41955
12009
20372
7518
36719
2508
97667
57411
35064
44471
11398
3057
67283
25360
88472
95741
46732
75904
25042
11570
58807
10963
54410
15054
75152
28225
9361
43661
52275
69193
56923
23211
15262
69815
8313
66265
44823
59850
95757
33573
11825
43263
36898
92073
60463
31462
90152
25431
30728
87627
3855
42063
13695
95612
50770
84017
89680
46176
4000
13116
68068
66922
52724
71409
63794
25021
41265
68358
82482
76300
48842
20088
40844
21368
80488
80480
2390
16733
5993
11920
31726
78979
23309
42757
15605
40563
63990
61448
44201
17016
98498
12765
66301
75419
5044
37096
56847
87962
74753
87688
21533
15485
86192
44751
27932
96851
55571
42011
59848
47419
64251
9374
62717
83137
23619
18704
82922
61040
56849
14064
78105
8854
84898
34616
75022
55386
66844
3005
13503
86965
8237
18987
95172
4060
65793
2643
21568
20210
66586
53834
58689
61162
9979
23447
88582
78540
29573
21279
78213
67053
15564
23325
32660
59239
14976
2974
55066
79335
71587
34716
11212
53693
17895
90807
58442
57241
48069
91275
51331
60956
70071
37426
92914
42019
28598
32641
20147
79343
25091
10805
91654
23151
16740
67698
18399
9891
28819
19888
84474
64747
67469
78508
15577
3148
32227
47205
91592
41645
63877
47304
70170
46872
11179
58748
68319
35625
41655
71488
42955
62163
55234
79544
55275
16748
52130
36488
11869
83256
95998
19379
55514
45996
24055
79094
70609
42219
44821
87247
93303
60303
57274
61489
83072
14041
15016
77716
81480
53997
40433
26248
14707
73152
5587
34151
70864
89950
27227
89045
13781
74657
13191
84129
8035
3199
25020
51673
30202
43982
11338
5055
76636
52396
79958
9066
21703
90585
43581
53316
86167
56264
45709
89245
7475
15031
84460
44095
51355
31103
45724
7257
36283
71064
25602
22630
54890
36603
52840
49535
63996
80657
31843
77321
80168
76385
48756
78224
48758
20328
7291
75167
31067
39277
67862
79916
37971
81965
93995
69357
6541
24370
90327
24196
80941
22026
16572
42522
46560
83793
60344
97708
42030
40822
3539
17756
72214
94950
5710
32869
96142
4321
3584
72822
40968
24840
55310
50692
58975
98549
61542
28740
58831
32177
9168
81360
55548
18775
96471
34366
39512
3670
96097
10117
45363
13508
40869
42215
13545
53758
74040
46227
95035
60746
87882
44437
61839
43882
67000
3806
42957
12993
3813
66102
83278
4296
18477
55835
60195
99852
64491
34092
3850
59814
85186
66907
39998
80407
36219
5425
36828
17530
42902
42148
84874
82814
72525
44438
31987
13053
58216
53589
99289
31401
35801
97321
29967
19223
97993
4080
37357
5136
37528
62428
72024
98507
51093
70262
14672
13658
91194
99729
18774
12840
59396
93853
44453
96731
13307
45280
33603
74966
88169
67090
40075
31467
90051
57592
24036
87191
33568
55690
13189
40350
62806
97660
67493
71172
83792
70811
97280
35870
94523
68260
70135
43580
41443
41310
83028
72402
98133
65219
57484
75224
60206
88683
47204
66635
38555
11947
4635
92865
6804
69898
82192
16485
32543
30595
77302
64223
5504
54214
56271
28781
20528
7474
10211
94048
15933
46924
86265
85605
40741
53271
4980
33857
85042
24504
18656
32542
40078
52643
12666
90687
55372
50498
6717
33735
52594
71517
16621
77554
33854
69730
25376
37660
13145
22718
5778
7549
6608
59995
64107
5314
80928
58204
14991
73500
50231
53212
37929
41393
13098
91619
19457
73303
33404
39331
8635
10345
23119
59248
10830
76914
57325
16480
27640
60988
78427
19461
80150
98077
7100
12314
49731
65450
92033
17362
71068
40658
40267
96767
79964
84371
44905
31370
76268
30449
21065
51449
22295
50662
51949
76298
51816
52100
17773
59390
98349
98416
74235
16199
89460
21171
45110
41624
19020
29649
80882
46877
38248
34503
55142
63359
51047
6338
42512
36059
19686
80478
16316
49664
14414
49466
97229
58738
43321
30525
6566
10898
71010
14667
88518
41444
25698
68672
49193
98822
23883
26985
69557
17497
87601
20341
11464
24534
53953
13215
69677
99024
63308
87285
14886
55124
46239
69613
54026
34100
32866
15555
17435
66150
94455
15513
61286
12342
67055
21724
10418
7637
10801
34252
74897
94001
96952
58768
77254
24354
51912
