91625
15066
17013
60348
91394
14123
22572
67151
16435
66776
71542
92952
54247
27855
98264
97458
54179
34594
80806
49371
95719
56137
16520
38818
8860
68153
18108
119
47007
24056
17250
65157
38001
37669
42071
19959
37553
75884
56611
32850
60950
17175
15686
74326
94958
97904
18952
15824
36001
88136
32520
45416
80638
89059
49491
65409
21290
46621
52145
7351
43255
31940
41623
62207
32338
34105
37239
95935
97748
53486
56754
98848
94511
53207
10012
18181
80975
76050
14167
668
92309
16372
51842
82788
37551
75384
50956
74738
86125
36400
20233
17343
55069
9553
80698
23377
28100
93312
51027
97569
10315
4559
11971
24688
69620
48976
68154
34406
74140
31174
56946
37123
81573
20396
25163
57683
69062
4842
38236
94685
25237
83718
76455
77804
45711
39871
23813
952
20968
21672
69112
14255
8600
70636
29272
61315
92899
96547
89238
37750
1092
28952
83773
64196
4069
98799
33395
73660
50059
60619
12295
63522
44467
13578
42826
57519
16460
78751
70933
13069
83146
17572
89451
3404
52182
33042
82976
4730
91959
32001
7360
10090
11736
1634
71209
73964
29105
47341
21295
93747
28285
50442
76473
18970
16608
49666
7503
70110
50965
4135
70989
1758
81566
56120
22520
87599
66774
84095
45078
74472
96246
16753
13526
78682
16492
78537
63534
35077
10670
74026
27496
88698
49150
7724
67911
2113
12010
75578
97317
69400
48402
81663
32731
48449
50030
40606
46984
81170
37149
28929
30589
97184
17220
7847
6460
99408
2452
2464
7965
77855
40226
77460
58920
92145
65730
76689
77522
73222
54443
64975
75118
10701
40285
4803
4580
19300
15736
20402
60888
22452
32694
65927
31139
21242
42854
35160
16910
60283
19448
71112
74554
27922
68802
41610
56356
73704
34599
73682
47423
59227
44727
82815
90534
4576
39803
27125
9896
58746
38494
92412
61712
83269
94003
45463
59001
17410
42795
52366
61591
9633
79302
4958
83078
76895
10649
94893
33053
11038
44587
80179
8976
30004
18607
47308
89410
38287
62677
98900
63035
89928
41078
55516
23241
89982
21797
82187
70163
33808
24588
26074
12652
31875
51918
14280
96086
84065
56406
96883
88786
65477
31504
40998
67212
24701
56249
13002
64012
66206
73173
74654
22012
87009
44743
96931
79160
1516
14159
37845
28916
28210
32173
63515
79133
51213
21878
56647
53730
51729
39180
30
93545
59486
11208
86641
37974
14057
52787
37636
90936
49846
70450
61753
57640
54723
12735
71599
34540
33597
14512
35548
42643
19175
53176
43694
75855
59760
52190
6073
62222
48409
65728
42875
91042
53763
97244
116
94115
15943
2834
42662
67193
85457
37927
95854
85551
53178
24502
48193
52861
175
44901
89124
70661
28061
64570
37264
181
29321
75853
10745
85208
99103
91585
78815
29316
19528
3293
46053
13273
36321
52716
578
96673
32648
72947
84237
28400
53293
43651
23562
79681
62543
72261
45953
16219
74639
83463
15280
52692
73323
26915
1111
36069
81883
12126
14543
31509
22145
98806
59012
63119
82288
311
23256
42774
39474
34927
69724
86546
29715
16126
77721
14952
90746
53753
77667
33602
59231
34441
16706
77300
8651
86964
29980
38214
58787
75624
460
83707
30561
97796
81021
32007
3730
88655
37168
15309
60436
19896
7758
1330
48964
18448
72772
45982
11853
23572
82547
63458
18917
54757
76663
38324
98087
56365
59854
8271
32477
72619
7789
58452
62700
41284
14353
8170
99088
6586
20404
54670
87728
82684
38442
42674
55718
11394
58244
57638
87306
68161
68341
31859
33659
28112
29447
85331
75180
574
31730
87805
6104
87280
21927
12482
23321
48569
91053
40900
77437
69370
6141
74478
13349
42713
22049
34511
86767
72909
11593
24460
74164
37199
93924
80389
74640
816
97312
651
61657
70436
25771
81747
30824
29383
9596
20192
85417
49681
12625
30224
28571
66008
52741
24043
70317
3524
88714
13406
69943
72372
89126
79344
5102
53545
86104
81074
7362
98775
89234
61604
61143
51987
55183
20937
8456
69986
80363
31781
75651
17140
48592
78539
68127
58925
29545
98998
86318
18301
23909
65553
67107
70375
51091
56732
76969
93832
6643
31490
18458
92712
60750
75305
63504
6181
59871
23628
43141
7929
7878
72533
36997
4003
7897
36067
81815
47839
64300
5299
10075
73978
48636
31664
21782
54873
39486
40840
72322
6839
39541
80965
98600
96629
24049
56132
991
92170
98587
80307
35110
18946
974
67597
8610
62561
82008
53078
20900
96920
31135
82476
65114
60361
97620
14040
69079
77875
58458
78563
11619
29547
6240
35066
81567
40099
85955
10748
64568
93613
91101
99252
76974
63538
28919
50563
59756
37102
68259
80090
65801
37705
98974
22826
13612
12325
57139
72086
10161
89578
69378
18465
80900
2736
65829
60986
59470
70985
4999
31757
5636
71396
15097
97088
64277
99902
86544
25499
24295
5925
72777
80334
9394
58190
5646
87490
69571
16181
1353
35121
86898
40623
83665
51177
86783
82652
69002
8833
94704
7248
17653
71668
96878
5336
72098
88609
6035
31075
43529
99722
39049
37570
13023
56571
71212
56306
30295
68283
84851
61929
54843
84819
90177
63442
28217
32057
57752
50572
83131
74413
92395
2652
78226
7756
97985
68777
69732
74716
36251
4205
87790
34839
75820
74599
98268
7750
58538
75723
79677
70048
12247
54032
40181
87747
12122
2288
54608
42816
53412
58048
66410
38589
2255
97919
30146
26643
62075
63215
57269
7506
56275
4241
41783
72720
89636
34840
4930
65149
66216
74804
18532
27907
81452
44443
70893
10297
20395
85859
10362
73450
27868
65951
80022
75678
40724
29902
89838
90416
30564
10154
50832
14524
18083
36292
35046
20791
2654
47522
62178
30400
66561
34717
41789
62602
22305
60305
69731
24973
31036
68577
15561
37070
22104
64201
36228
7844
68824
18893
17724
29553
3741
94880
89328
40828
54266
66229
6666
99607
40472
92414
79562
17364
94079
89738
4265
54124
80225
20922
52554
24855
17194
43461
44342
76331
49239
90184
54478
96783
93298
41935
59510
99257
20974
89736
12194
65751
2584
18495
68186
10438
83611
8836
52793
91046
14860
10855
14244
56826
62421
45731
14858
62815
11771
11088
59236
94499
31270
15560
89275
81033
58523
88552
2403
60471
67675
4041
79104
7629
57524
34812
39418
64040
3888
72616
2472
31563
97138
67331
18560
58131
22590
75743
66362
29712
53460
26123
8882
8232
26332
19008
80840
29495
26981
68741
98390
53611
60419
95377
21889
86037
70790
44592
35528
99775
92618
29515
51791
47599
38918
43051
80338
90182
2686
52162
77604
88825
57536
25459
10781
8986
49190
46750
34807
93306
4554
8149
75517
91374
85505
29832
52619
81365
59194
21320
98901
3897
38805
88603
21720
10147
25313
53472
57429
65014
90230
28066
58302
85568
46684
34005
57982
14818
86702
39905
70547
78484
68867
6228
73703
77507
90465
45427
41690
76871
90938
46462
84809
56194
8845
55417
63675
43240
44464
32426
61211
65391
69789
3220
7423
5917
10536
89856
66883
34081
72258
5097
98132
70415
67483
18527
8294
8260
3363
66866
65440
28852
67944
10079
62429
45965
51084
86193
71648
34153
86825
63554
48044
9661
14788
46162
3668
32983
20658
70286
75012
59298
38571
53671
81468
62571
13470
5117
26656
41719
87782
4789
31484
34945
44842
33794
20185
78374
41055
96233
10599
90756
8606
74029
90645
83216
9197
36130
8234
32083
35200
44547
73491
23667
11706
45942
22771
26724
4314
48945
92373
70242
57964
97241
61131
93530
53516
84726
29981
12277
22896
57231
76924
67074
84555
57770
65887
78981
10123
21532
10104
85000
19885
56681
12020
88490
50461
57830
6203
58578
17901
63661
74457
12168
51041
63211
64764
29696
83430
74517
54839
13885
5557
85294
39437
21861
82866
64620
7853
25831
37914
83887
85083
44678
33047
64684
5530
74259
96250
11483
80652
98653
39810
55132
98210
59400
68765
56662
65674
79548
41466
21467
64634
25314
94279
82386
24905
88484
43021
78790
68972
71899
86399
38221
21859
95077
62367
38807
43838
77850
91491
81556
34357
87192
8872
17956
60155
66948
41464
47198
73094
13824
7170
82279
98821
97618
91624
61195
85105
39466
16699
71581
42076
94920
68637
47868
41022
41656
46601
8863
78745
86352
15575
19995
54248
83561
57553
27078
79768
19284
10457
38160
64672
93875
57396
68505
69011
72368
49022
84494
93040
69300
99936
57732
53913
81350
17056
11916
29364
31470
75811
47759
90296
15807
84816
8338
45704
16824
3164
65406
72961
92565
7365
8954
27954
36157
16471
42456
75985
24487
4050
73993
83748
63800
39096
75628
27724
5941
28408
66257
26716
92220
20932
12188
97254
50843
36339
75332
5786
28965
16275
93183
94068
71201
54913
65343
73515
86089
15381
95494
66576
89866
20401
11467
36105
7095
22224
95442
83732
23547
44539
75675
59165
47054
893
34260
29772
53350
51305
25688
54633
68052
86601
8455
60629
20990
53101
91203
25666
13999
80878
69658
45977
47984
99613
10009
29747
25578
50200
47053
35829
38763
55364
83311
28838
32522
86396
68836
21676
12697
45764
84597
52517
80665
58686
10058
48239
55483
5035
92038
37942
16612
370
92356
52762
63079
43011
80751
7391
59105
65636
29697
1403
31155
86029
38608
17112
20470
32764
40084
8100
91486
89681
97293
94727
94708
33269
23184
90757
59171
90172
24491
48905
2848
3805
39066
97057
83276
85681
64933
72634
88411
17091
13700
69502
54111
48822
15195
1737
3372
16074
90817
40744
93058
78510
88424
39097
81923
45772
84302
94916
84282
46891
81651
19731
303
84871
309
96508
16008
26035
69821
8524
98698
97463
73926
19086
18303
53098
88934
96964
73085
37231
86982
96852
25810
58399
26490
360
31251
17095
57659
48026
84865
33411
63873
7610
385
83686
6347
20903
1591
19794
22939
87964
61210
31909
52079
40317
42398
84967
50470
21540
40023
61420
64188
12847
56563
61779
60926
78821
67582
78710
47195
2880
54316
98462
48251
4437
81285
7166
70503
61695
87010
446
90244
29836
15232
15121
31363
61673
18848
46115
70659
28230
76320
83025
38318
15376
68815
67960
68814
57845
11177
50659
2314
24456
55320
97669
35312
21153
58521
81713
23615
58375
77935
34082
41885
50489
48726
60697
37255
86782
44527
92940
50587
9047
57147
94419
548
25478
90389
21875
66760
85155
21273
75760
55353
32367
17489
73639
95427
9708
84033
76152
53991
39576
51284
30590
77123
25728
624
13969
67975
77533
90369
5546
30388
67627
3936
62146
84145
57392
31319
61719
27539
81001
43960
63571
628
631
98305
1036
6087
88305
71934
83435
94414
25694
49987
4774
28237
99674
46193
76109
26703
47607
26704
76702
90486
76992
52979
88935
28186
38253
97219
3078
61332
54700
26471
99884
19458
73693
60327
81432
41801
702
45720
28265
30182
73231
76962
89313
34313
77337
83908
35281
79632
75851
13567
60193
18442
64514
14937
84369
78580
13733
80196
49240
42650
83896
46848
21973
72468
7160
4457
32303
59497
37871
79447
97677
9004
66349
25890
63679
5390
39752
31934
772
7730
37287
33371
69358
47379
77136
5589
53993
52348
42004
68294
51965
8971
66389
31623
72499
1982
50980
61631
54029
29906
14306
78074
73876
11499
14938
99668
3309
96324
42988
61036
70465
43162
33572
59896
50269
4844
89669
70580
70984
35947
32416
70055
80167
17851
58842
19818
27647
61891
11602
58706
23805
88064
28883
73797
16123
71139
47909
7018
12128
90386
6285
91882
85890
61507
857
73789
65396
56650
78784
66431
86188
4742
83554
13079
58942
44332
60267
15905
98580
76111
33640
18699
32656
98840
96239
98577
16667
30873
11842
91928
65209
30783
60199
51691
27651
12189
78980
912
92881
92455
32220
69906
16878
77385
8438
24915
88880
31476
931
18851
932
69215
76430
56779
37846
69219
61396
88143
48142
28199
93476
88690
36613
67924
978
13365
68270
8814
90509
3747
67859
78487
59167
20806
4940
31593
80756
85426
99544
64589
51844
47934
55816
21196
72582
12421
77537
82470
11989
56240
70870
88742
48634
64131
77781
50767
75190
58775
51296
65790
5997
47977
56351
7928
60011
11104
51156
97176
64698
39268
34125
38898
11419
14999
98474
12715
70849
59275
79206
3254
21379
98993
67027
21342
13950
53831
67065
72917
8708
90250
39953
30426
87305
94575
1122
56404
92564
37161
80843
32974
86781
92141
60314
47206
29941
47203
27220
2253
64943
27621
19287
88790
16029
16277
92462
96370
16398
6763
2782
74244
81260
22355
86550
32912
9139
86018
67161
12053
94132
43260
91832
47730
59743
46855
26339
77876
37356
43484
16838
35995
80629
2542
83153
35690
45092
70446
20893
25780
5780
22702
4653
99600
90362
67494
32715
17359
80915
50029
70371
15989
1399
38095
38110
22575
60692
41266
50484
68699
32030
1313
83777
46673
65444
51104
99123
3744
35163
72377
65724
