66601
22372
8940
67590
5571
69742
65384
54171
37766
75513
7644
80099
87062
5749
68651
74786
48378
10951
77423
86450
43116
82420
75920
43966
78995
87918
37423
9414
13939
52988
69052
45844
84206
14499
13164
71937
75232
31432
28301
79587
76097
28937
41961
51349
28389
47118
83882
35345
48438
24710
16060
41649
27210
12502
47201
55577
87213
77510
44307
19953
55905
78118
18717
37518
90714
18529
84602
59512
54459
86208
82016
93292
85149
32970
18739
53788
32858
32334
85290
17383
97136
47068
13690
53370
90097
64265
65126
12238
18745
24050
50036
59374
62404
25961
72969
11276
48489
21204
70210
10720
73528
82149
19582
94670
79414
86365
23021
82060
40482
49894
13900
59970
84710
79911
79444
43865
21961
91853
91438
17904
35402
47502
3603
95292
72964
2454
53872
78405
20540
37520
56976
2272
23713
98965
18720
94799
11663
76899
2425
20785
77387
98963
24377
4965
32577
63566
12227
9591
79232
38152
30923
38514
51297
65827
83565
48575
84172
64236
44738
4147
68
14138
44283
53183
45925
19027
7306
2455
29415
75028
13986
20023
53855
65293
72790
6429
94
33637
93361
88059
72177
53987
39504
58430
87144
66587
85665
32982
53302
54898
37812
26900
83821
66030
46256
9686
32370
72318
90226
62767
59671
58945
152
1189
65314
76356
47535
35706
70828
10452
169
89737
92814
7087
94139
84470
2091
37470
78598
80272
49773
94566
19040
12486
1538
46167
28625
94467
86417
13103
77623
3178
55775
18619
11819
34773
35215
4909
94046
53770
92670
96444
23429
26127
70996
14068
72435
2099
29309
54575
61058
249
29796
25293
88589
7716
78554
17750
5910
57940
1914
96691
14776
7725
92776
70597
33502
68666
3931
82729
30150
62331
5153
17227
81840
61149
306
37804
51288
48100
48583
29139
16365
14297
7034
37376
37367
338
66733
85650
4961
577
27018
71185
30922
94331
39282
364
52804
22938
81676
78455
16685
46540
35431
69995
391
7857
86753
87864
44341
39211
63043
4154
60380
51046
68489
66918
26997
79542
73539
38159
87206
14286
28322
41549
54155
2889
78799
79208
33578
50497
2844
14351
14534
42359
59932
83594
12016
15742
88573
35243
22091
16353
24152
47776
84084
20704
45673
15928
93219
75385
84019
16014
46291
86370
84325
24912
83189
86640
20300
15641
80647
39921
51916
17367
30532
2891
55964
72148
48725
84270
90470
24078
536
29146
23364
88331
20676
3675
30031
15751
62838
92262
46908
30809
561
14206
81063
1110
73982
584
24507
69077
72410
42254
25066
19887
96791
45203
36804
88761
62150
96965
7433
18703
9929
44483
84648
64609
618
24362
67682
48677
46386
47240
21184
63563
5643
50321
45831
2134
93954
645
37613
41785
62549
78524
38740
47159
14055
99559
9014
47791
94074
70913
79179
44081
74730
45851
41143
89526
31525
5847
41756
58189
1971
41309
5034
85443
8815
18084
81574
11762
5374
24246
70797
31126
56386
72138
4745
43428
88862
61184
76956
57145
26790
30879
21070
3734
29946
14221
64505
4112
14197
49852
40209
60144
57426
79258
76316
59655
51621
70269
82530
38659
11068
94181
45513
31000
49893
98669
62091
55533
73188
5196
18984
75342
87349
79756
