34778
96523
31759
79790
64169
71180
23677
99097
91768
19517
65881
78828
70430
43346
98312
84821
83548
53416
87259
62144
9878
58783
2313
85721
91950
17662
38980
6764
76369
3062
80382
3952
58991
29741
18435
22136
46385
6068
62092
56217
17137
46791
29932
39925
77593
73419
44813
30872
31142
11879
99023
31732
3110
41919
57097
67229
24544
39179
71924
31722
66108
454
53016
42700
18787
20792
56428
45909
23163
54780
97978
54592
42764
23528
18257
9532
42287
95240
81568
70249
43641
13061
8649
82143
26984
1363
45966
89951
74453
90638
78357
26437
29206
75942
56291
8442
5764
28850
20110
88192
15284
23462
32629
78921
54085
41854
91743
32490
25308
2262
17006
46116
88344
38424
12067
1086
72760
24630
35520
11275
632
92064
80750
76425
51585
72343
33297
45168
62319
30409
82387
63981
652
96617
42490
83320
73133
88673
86527
94679
33616
59002
19609
55348
83711
6058
76864
65186
8298
56711
14908
722
5198
97578
43587
99469
51735
92301
86493
86194
11778
6078
46128
7037
1079
43304
95066
97676
29813
19559
85738
53569
8786
37128
45070
92072
96277
26409
95020
35888
64874
85979
43185
80531
93604
84866
56110
27598
4659
35811
13669
58225
6163
52406
90504
78846
60269
6302
99036
60355
69523
82753
89837
61878
32020
92483
86803
84311
8350
36252
66719
98608
33075
10007
15025
83271
50750
60032
95648
92872
14113
95811
61496
18244
97270
89884
6638
52438
46085
88082
58397
94439
32916
43559
27409
5668
48788
35837
78923
55765
71293
81077
58805
61063
69598
49742
51870
98438
20325
25522
22199
86402
16882
24764
16526
98122
68745
29485
90211
19833
22720
68099
71717
87383
5200
98779
58025
84792
31942
12520
69342
79550
77624
94305
23752
69333
69932
71814
98996
68726
36245
49144
18865
55741
24067
99295
15170
99676
10185
15774
54720
1711
72641
66438
26936
42657
95237
61969
96025
57729
7988
24954
86301
68324
49915
89544
58791
47760
9313
73642
49945
57410
55925
21197
18038
82385
17856
8628
30543
79488
34282
54704
19866
55850
39131
48623
16868
95596
1212
98791
94353
5077
90641
40278
85249
98108
68136
85078
29913
94109
65732
33059
23674
84181
97065
15180
82002
52974
91197
20547
75596
29329
51372
55335
80782
39813
97934
10839
1296
29199
38837
43356
69172
28480
40464
98676
56783
59158
40763
75392
93941
17659
8500
58346
15120
8380
15236
34213
91497
99898
65649
81949
94706
31793
98650
27519
91049
54665
62726
63697
24613
9996
77694
15354
17439
94130
18829
70930
76072
84987
71591
48344
56184
67964
21577
84678
8805
33383
83467
65024
9284
58047
28349
19116
10824
4886
77516
40920
11291
25068
32126
66318
15812
26829
68778
35663
95380
65660
56022
27454
39174
37489
63264
1561
14736
81327
44913
3667
20860
1577
38777
2032
39245
19650
84005
58880
2233
44794
11569
8961
88707
94573
92108
75343
1611
6542
83346
93251
76209
58896
69597
58502
60157
90025
33304
22056
78909
65689
51330
35900
95469
23466
48879
75945
44733
10638
9299
70613
28731
26108
14470
32168
99937
40291
61796
15532
38689
59463
64397
34481
38862
96692
94734
38421
20358
30185
25384
90201
88408
89731
