96408
12553
38752
62940
66264
96591
91531
89019
60552
41674
33264
23951
8740
30977
31015
4991
31035
28713
5426
42572
12867
46422
62393
98114
88923
25324
85790
10867
77748
87937
15685
43408
2789
77601
83415
20279
86684
60177
30703
46658
25316
93253
63957
50482
17681
97885
83939
12764
81576
40352
72804
87560
93507
69363
30119
54066
40199
21937
99275
27735
63895
88599
44292
68189
56035
82606
62214
6975
54402
47197
61942
29439
13651
84595
83808
54304
89727
35544
83802
24041
79877
33714
64960
54208
44604
37435
52626
20412
9203
42685
75217
65623
12832
11673
3300
52209
77286
62740
63214
60089
34894
33762
18006
85504
23885
13240
32841
44828
58704
21040
56617
61260
92606
7674
41928
93546
98062
10471
60059
85232
73362
94897
36982
22608
10954
35386
32751
10107
52769
85634
20842
93275
61270
62255
45502
8855
96864
93841
39468
16050
47620
95718
93256
9001
90052
30307
12972
78269
32036
33697
67699
61441
77465
40330
59963
68121
10735
71984
50314
48297
3857
57698
9202
31230
5173
84406
40108
53338
27679
47011
32852
23485
24824
26103
26330
98358
4031
22367
49091
74160
14515
50046
80888
43383
37385
4281
14001
86679
5428
17873
4131
47100
4132
10757
60164
71492
89975
24485
8388
35219
23181
17858
76900
12096
41213
18333
38824
47862
74120
79297
59048
58987
83296
99905
84499
93539
21677
47837
6705
44251
49411
20873
7740
15107
4455
38379
18820
52790
91382
7156
75951
42635
57717
47466
97344
15112
72714
89930
26241
67617
45163
58870
9263
96236
29838
49743
60719
49127
77969
73206
11077
40790
32196
66302
56865
84459
38932
6514
93056
59339
90679
70470
92081
58659
27486
39894
89310
9894
55492
61963
98325
91991
91915
51447
8180
25158
28273
36471
26821
84526
29781
38218
34490
23702
33722
22689
59635
42188
45206
69606
17412
50478
27064
84014
41382
11298
59434
98774
75347
42999
43314
11865
30500
44103
97538
18769
21796
58245
16534
50744
62742
9904
43411
91986
85311
80454
57856
93612
90067
53575
32243
5915
63243
53216
67316
28117
58754
5977
13745
79406
51617
41487
66652
30306
52751
76125
35165
85219
6508
94844
28940
36084
6232
17403
16137
74861
42801
59033
33272
54223
95054
87455
77151
83054
33797
93508
92316
75450
76896
51820
20195
90345
19375
29527
69420
36308
9663
56005
99288
68405
67366
28201
92823
6783
99888
13527
39975
69946
22360
75963
14507
65737
61680
31561
55361
33792
61046
88918
18101
85020
49927
62883
64641
18162
90956
79017
83625
86141
14959
51375
7903
68816
70016
21224
64942
43561
52357
23175
8110
96313
20132
33947
40533
95274
47995
99925
9000
52621
64240
9916
40713
20807
73676
76471
44552
27117
8695
84378
74270
73103
82298
85005
61299
14577
23991
66522
64941
30463
28108
20818
50557
97731
9108
78219
55497
44163
34309
50930
22406
41891
55144
71843
48567
60268
33885
92055
66068
94282
70313
27904
66925
59938
61999
89391
69938
93963
25240
72801
11342
46121
37972
16079
92330
61032
65960
87960
37401
11228
51940
55669
17857
66439
37995
40347
53992
38851
49523
82756
24946
61646
20029
80707
33780
51316
39821
85868
36389
28762
31046
65962
