7711
97341
99235
5146
2509
45013
73464
70783
52595
67877
67217
71417
28845
68609
47596
13255
29035
84382
31110
70819
16043
63621
67526
90517
27460
4581
37981
26906
63834
39206
40418
40602
56788
7573
61023
73052
56387
33219
31203
90667
66163
38564
29848
58517
12048
58437
83844
97329
92130
28176
88464
32585
34706
37687
7568
42385
27530
3177
24593
38199
76304
54738
42407
76648
99192
59041
98225
94973
35741
81532
51259
89697
28783
9915
48826
46845
39878
35543
95021
35972
90085
87409
28398
15512
74615
43350
10628
73395
26500
16670
85090
75350
24199
95431
82125
33158
62827
73165
22220
28008
49090
52822
30393
90447
58566
81212
34059
94180
85594
63572
58978
58718
57371
92363
97374
79634
52547
31031
74714
35830
69737
48255
96567
62970
77482
81813
35868
83267
57598
93380
47968
45857
13006
24280
30041
65772
62607
14328
14542
82297
7330
54915
5201
68723
87118
30664
45874
7399
8335
95445
69586
24396
30643
16039
9641
69066
37781
85641
79378
76763
29094
55140
82533
79892
56910
94340
96908
28882
84849
34050
91864
16343
10685
79116
97115
66393
15886
42230
60993
38943
28127
46759
32034
41294
91616
26334
8367
89469
75194
81992
37031
40041
73707
10221
32278
48319
24687
23332
40342
42779
81209
40295
46449
48112
24384
53735
93035
55419
31588
48287
20037
48126
95199
19317
38909
94140
79557
82182
95072
138
78418
35740
52918
53289
96825
95867
55466
79049
47301
47185
71524
10119
33446
47186
178
13089
39111
33930
84692
92183
70816
63268
90149
90454
86468
90029
37189
15173
96966
11574
71601
65528
15992
37451
44187
29739
53019
21737
87676
77583
35053
262
18649
47595
66252
41200
74091
14358
301
41435
93349
27238
56080
19476
33667
79237
1332
22858
81015
79067
43892
43531
77344
47320
1029
77779
64151
8569
380
53999
79978
74148
83819
17297
98344
57008
22835
22497
68592
89058
63874
10677
8803
86397
19197
42454
35928
5544
67578
57226
48582
41255
38438
67583
12115
72221
70600
29605
10978
11700
71132
59741
7220
68587
17715
33034
97347
41344
2627
76758
67791
82244
77732
74574
76603
74132
65799
99848
27143
31829
31205
1152
34114
75694
58192
59092
26921
7681
33788
76144
94578
31880
50955
53823
13084
26088
16041
11765
12043
56580
22587
92174
21459
64025
30011
79903
41957
84298
42611
92724
6990
49815
91320
99364
39890
30058
60161
55415
52672
32628
49842
99648
45037
57377
25724
13757
91383
61535
72920
21806
81409
65768
97894
15903
27844
36093
6176
61459
67603
68093
16590
28822
97895
19367
80371
80567
53690
69581
65412
72218
66879
79360
78812
31336
96349
46689
68967
70472
2336
1055
16150
29237
29061
12873
43213
70604
9538
66253
81744
67570
36757
65281
62267
1174
80584
79050
55575
9058
28906
34578
21418
18975
99611
94858
13724
9556
20734
11265
44731
96405
14829
75346
72778
84363
84498
58355
17728
54037
69505
88345
90997
47490
16192
74075
75972
36831
5107
62545
5624
1436
6438
21790
48820
76837
63946
67715
57083
37811
48548
87589
27107
32403
34974
87748
70804
7088
59300
7529
89040
67696
92357
1485
22824
98036
97453
71499
65787
8053
53909
98603
67099
71149
20663
54834
88129
61193
68288
44876
22650
93566
96449
48146
27055
50344
11388
74748
30985
49607
59006
59128
69432
83293
51139
69455
88298
27986
78590
53041
50530
28122
40839
59551
67652
48366
69104
94067
39263
19710
22760
12363
57038
65392
43390
80033
13100
20713
26215
19793
22759
49968
8646
97369
31440
32457
50376
51143
21346
26791
59450
76701
97543
41110
85394
10852
3604
58790
84950
7656
39715
68193
7072
29698
73074
34384
95389
28945
60081
88020
5705
50080
2769
93419
7555
34718
32275
14312
71128
9231
96242
7932
34347
96190
75184
87659
6296
48365
39787
98233
4313
76319
42628
48196
60777
89899
55530
78523
30683
96100
11528
99335
51532
53481
4926
52261
29751
30650
72627
42607
36668
32650
22219
9397
65188
91704
46867
6051
2328
22035
31275
71453
51474
18557
76643
75971
2901
11402
27971
72160
80891
24131
60510
18188
25228
32726
76390
63681
69200
41764
34162
79033
73158
72502
60276
9668
50069
35241
67786
79600
43036
68025
72783
14257
92006
17293
31801
89599
6592
31335
48920
2534
96583
87377
53321
9717
16034
37886
2571
57085
60996
79942
8396
65565
87464
28855
79337
95764
94471
53627
48452
23833
6852
65090
6310
31450
44744
46566
80817
26036
91671
37608
15451
53164
19780
68318
7765
74363
2745
58343
71903
82567
48821
81183
72534
72469
73128
32089
23626
57418
74281
11385
72526
61056
93338
60450
48729
92348
78737
23518
37525
92391
89616
45428
18325
9472
10470
64778
20386
32311
71401
20533
88403
48058
75703
33861
18757
19331
89330
70147
31050
39697
84900
80940
67764
59581
81517
62936
99602
70534
14366
89863
9779
68196
8899
81748
84174
18250
49372
61275
14161
94570
32653
95557
72396
35991
81615
15884
3221
9169
52841
49855
84729
3393
51538
59810
71166
81454
79131
51060
65520
3324
65349
82126
93790
22857
26417
87303
97123
45523
10953
18185
16252
56534
65846
55893
32492
7588
48617
77315
92479
28878
88067
97237
61097
46652
87636
97701
24355
92772
65513
99716
23973
90720
68812
79806
89186
58815
64214
26440
9319
73032
61767
90931
43593
55477
39007
45470
19583
49974
60358
96129
43372
85992
62382
66504
82677
52640
78572
11207
46991
53614
48647
85767
47811
47564
32794
92824
53048
47528
17228
45323
47555
37119
86021
75882
89316
49976
14834
84431
47640
48739
78955
20169
76722
7419
55373
41302
11921
63743
81352
4515
93680
42218
70962
52746
60789
37045
47532
50141
88207
83406
42166
97020
27875
81970
43787
82732
98604
44783
51943
70810
74324
50452
80559
30610
9401
47714
98788
67330
4251
89060
78866
8300
41238
25439
23552
99838
65878
18800
42613
74454
42818
39159
36527
22559
38090
47708
89707
81103
91669
10553
25139
57568
63496
19746
60899
38030
30821
90224
95916
84744
83758
6684
48662
53576
11122
44866
76746
28226
11437
68915
93669
74796
47353
67287
4670
45737
78606
49525
79245
40755
4715
78450
57345
28269
46581
91822
51108
27782
75605
11197
25599
38889
40732
43576
61755
42630
80357
17992
89471
89593
59761
19749
77812
50911
7441
28928
97475
15062
39660
91012
35140
19824
59520
13910
18275
34027
19596
34538
10402
35712
11558
19969
61283
42293
67626
7385
59304
56187
85432
46103
82985
5402
26747
55609
11691
10576
12002
21647
72200
46625
11790
64581
16932
19905
95215
16713
79438
49698
22249
81348
40126
93477
65316
30204
56815
98490
35790
70209
20522
37565
96001
86343
52022
10836
47127
10199
29033
7747
27991
14811
65598
46680
13323
85397
6195
99459
71307
36277
69805
91709
70159
31882
50664
44121
17184
34898
94764
15841
57893
57067
6875
68736
85590
37893
89542
74779
26183
47389
77528
16100
56478
24228
96475
31148
63339
59676
98616
24350
74006
74395
50339
8296
36661
36133
60453
30219
68807
87491
7413
86514
74051
83581
25683
73482
26603
32593
38523
26083
25977
45957
94321
96723
89885
81929
10021
56048
30732
96391
84698
47544
48558
97218
80309
17244
99345
72737
46117
9446
69348
25778
68786
55984
38588
91168
78993
42974
42626
41547
99639
79326
99717
64526
88883
22420
49583
93231
51017
74330
5381
94617
99439
96671
99582
94307
95588
63808
58270
18161
51795
23112
94514
18277
55715
59243
95715
86690
17519
30992
44419
6126
8959
84983
79762
5092
25635
25553
63412
43875
79530
69423
54555
80105
19109
5333
93297
23114
3880
60
73685
58421
57224
35639
6536
8898
57336
81822
42812
78144
14794
29536
89705
42486
45049
40707
44815
83977
69142
75936
86137
89075
34427
12591
23588
82271
77572
21322
89754
26745
96942
24135
43194
73148
70911
10444
98285
9704
76113
43407
43040
11525
7181
38041
67807
69585
47737
33164
44962
1975
77094
28338
57464
64269
20832
57692
49181
3083
148
98231
15803
74782
13260
57329
60468
23850
94631
79291
70561
537
60402
96787
59856
20274
166
36838
41165
92217
63558
68371
38481
43096
62442
69089
85297
96602
35863
196
11900
13243
15716
58513
98185
41693
27897
96819
39885
62892
87037
29352
54151
65398
58769
214
1583
20430
1209
29044
6659
95572
39542
85097
98468
87573
73225
92293
80398
240
242
49833
11284
13968
21371
44119
29267
17721
3433
61799
6972
79969
67059
69854
72639
22011
45393
46515
12427
43889
30147
32827
70712
58055
15618
15461
48643
26110
23237
30497
31852
50531
89274
7175
70894
78361
41169
45023
64532
73616
68231
15811
57895
19437
92730
93092
88075
76863
11988
46518
1675
57466
25593
23606
40971
49489
97553
99928
73255
3336
74087
57937
98216
79522
75371
88838
2477
88853
94187
78312
49370
64359
43184
365
57617
70037
84423
93640
83670
99162
95223
97017
28012
66093
30373
73178
27059
42107
1302
93304
91863
95351
55993
93044
10425
42168
51264
85207
35154
57569
38380
55880
22168
85455
50577
25452
17955
81538
419
56801
93714
63232
73234
43659
15834
10847
83843
37717
55464
89615
26896
78121
85942
39869
90616
27429
20763
2694
32077
30854
50610
98529
92646
18294
80129
33104
74041
79652
73960
63943
85993
15746
6000
98709
41227
80298
94010
48068
34227
34692
96325
61390
52615
13813
39650
30331
96676
96550
56951
71704
30467
83515
26579
59364
31219
31536
99402
49925
61114
40931
75722
69912
32886
3927
81412
13940
64185
91019
50566
69747
10273
83110
43362
67209
75263
67180
67240
89513
93667
82626
84087
83324
55247
50849
16117
15983
7244
80816
87478
82474
558
13211
40667
19427
31655
84761
71370
43218
23381
62346
84418
18825
67742
96092
20264
27393
73305
71589
97148
11589
83986
34205
35205
72225
622
97901
7685
27034
97880
32597
20071
87325
76388
54831
38473
83292
31690
70559
86950
40439
10804
50454
81391
2481
64310
28372
12471
26966
61830
2972
73456
62800
71959
61536
90185
97365
48549
14582
44771
71693
58650
11166
93162
43536
58549
96159
79710
37806
89653
23968
44404
5876
86638
59086
80627
20144
57123
97986
95665
10617
9276
32469
70800
48693
3788
94326
72548
83866
59742
79312
94626
44659
8626
38044
1266
47188
12616
81191
79695
79698
95730
64715
76182
26938
86906
39963
14379
38871
22395
35096
30428
757
39291
26328
26610
65682
51489
8422
72004
56074
59507
46172
29973
84959
2842
12590
8919
39191
56502
57058
98752
30333
63734
14948
34875
92541
27292
66497
26577
64412
84337
13628
46570
42384
826
45635
97749
78832
37612
40620
80532
95876
2335
91290
7473
54580
9657
40586
92520
861
43115
74085
68634
29109
79885
75066
86391
22778
31320
7692
63634
19963
10348
4607
40272
90703
76245
65372
91371
16798
63774
73073
59774
61158
40959
14033
71774
66876
55248
38082
6582
32308
91219
31924
47706
83429
56939
97818
63186
16483
41303
82665
39359
77396
86115
19547
97695
23409
71395
40140
15230
45079
39478
5548
86554
84121
67662
89191
39606
97554
42243
72745
3470
48072
52876
19322
43212
91235
53275
10132
96412
79281
53434
73424
2146
58113
99853
85147
29540
53236
70021
71967
79772
17863
74647
89080
17813
21553
15539
54537
97142
61464
63839
18822
60817
1443
81671
55823
2611
18686
23930
92732
93034
59027
59138
96718
38293
21596
84151
82848
40039
79799
77822
67003
68770
25204
98423
48368
17337
58158
96202
72690
44608
73071
43508
62947
96837
20652
23375
41580
57017
97298
55106
56529
60336
59748
52853
53664
45932
24062
20119
10023
94154
31495
35412
95007
1180
25828
21235
54597
16007
98812
38741
90311
56061
12426
84286
75352
13677
42369
44168
18186
96670
43012
10337
43732
65675
19341
97816
65301
49137
50687
91905
27698
62774
88607
58694
61234
11650
44849
96150
20888
18433
27497
13334
35036
28412
73351
25307
54490
2217
9944
48507
60017
97018
34815
98151
83826
91231
89858
79282
83906
52414
96102
6223
93204
95361
23187
72275
54305
29064
94745
79249
73623
58671
66665
9740
25069
1529
95033
87079
19934
5676
17447
81523
70132
97641
66454
41869
42270
64536
21301
80354
17739
26188
47470
57689
91263
94879
41269
35081
50726
22082
64880
10436
32069
2240
67611
19188
33140
71872
47015
5497
44863
95627
37177
31044
72009
4500
44569
15370
6287
5952
86026
20945
56330
75635
38174
32785
73808
19438
24763
28639
67277
40792
51805
89947
73850
82299
34074
62760
40296
81779
92102
10939
75120
72688
99526
1508
13364
29281
37000
85353
60149
25568
95934
17100
45867
1518
62635
67419
17533
58710
5702
60905
83344
12087
86423
89031
49563
72543
23353
72539
40548
55203
65037
1544
39831
32958
20782
85025
70657
12091
15109
70042
49821
99610
14600
20024
24644
79304
99946
62638
80561
