57543
57789
61709
20813
25473
13837
38985
7714
80218
3152
8689
23060
81261
16201
80925
30631
17483
24944
31140
83502
33902
22331
31487
6744
80669
61412
6641
27012
97562
9358
35958
55476
87714
38247
17959
51391
21057
92464
23416
28327
74722
96013
7771
56610
33740
20478
35828
85881
3149
71563
14792
74809
62000
35203
33991
31020
29150
31764
29131
58797
56734
36095
90308
26642
15997
66631
36963
93951
12719
59659
58478
76036
88357
34793
65061
93740
86458
23166
75873
34623
36297
91169
39495
7521
4661
81882
30594
3518
8015
77919
36670
62817
54377
22456
47440
28716
16984
98910
91157
14019
58481
86248
81221
41335
24123
86384
60311
47123
97966
86319
96353
34340
58389
61147
38806
22567
73979
77700
66882
50684
73593
27424
7798
9268
3883
29834
37288
37855
73705
29562
69535
90458
38861
49123
23709
50365
85972
12932
21525
71219
61581
53895
25708
92748
13555
81075
52132
81953
52361
14483
68323
4220
33611
68477
63537
11044
67891
64301
41781
92698
97661
44442
29531
17050
24030
77272
32195
56475
35719
45043
69462
92797
82889
91276
63379
21188
46729
67261
87975
20415
37632
75272
45734
8016
92713
40903
10786
77376
10905
76187
14151
67527
13110
84978
22959
49677
75417
27883
71022
39295
30080
59924
94649
49086
30535
96036
23437
75554
91633
93744
61548
96650
85619
25843
59420
41965
84026
14146
78422
91370
75283
41564
50629
90129
7350
83375
55618
23291
21708
63704
32798
94786
71970
42571
18538
21696
8220
11545
14950
75298
46769
64252
33229
58908
47165
75389
88583
62565
41557
39481
62586
69518
81834
82503
76567
58525
76728
34980
45829
31527
11753
38462
18772
55623
98472
41875
62951
19043
57494
57909
42051
86136
38078
24128
65935
93810
71683
27290
37284
31660
57926
36879
62560
71867
70341
34917
75549
82667
68887
94823
75045
55311
33756
36508
25413
14423
45285
10795
68332
99490
67529
72391
22361
76950
84058
18304
49308
77632
64063
13728
59758
83373
42323
90102
18551
48670
29758
17451
63843
26563
22400
1
57635
2030
98890
14338
5480
92204
83209
64613
18487
77101
92152
34516
24541
57446
64985
45313
53560
83004
76302
52834
87614
77696
50
84221
28649
77112
72297
59
2443
90962
45519
97781
40403
35209
63868
94710
49787
45756
76585
27594
68061
38465
60849
86
87088
34996
96809
78999
77497
42681
15846
44607
52280
99504
36795
72234
27942
35204
94877
62633
39457
44829
50448
62508
26441
29552
48418
85198
40465
87648
41511
87603
85660
91725
25378
65992
46307
87725
27162
41596
35279
73547
58066
69629
37692
31625
42319
3796
84283
44717
33829
44522
50995
13416
54254
35908
14131
31687
38118
52987
82727
38423
20007
53964
45042
70081
29121
96586
18033
2147
10691
89918
37822
28465
17124
64174
38399
26125
40358
30581
96139
94753
85780
45214
3338
35852
305
31856
48086
58429
53959
55083
42391
31391
26030
24698
38961
31643
19328
98767
12644
16617
8942
21164
10582
22518
74691
85818
53505
70863
78416
85781
31417
26058
11718
7082
28005
8613
403
47792
79092
63049
19587
48395
18596
65169
94837
16426
11901
46756
53055
95324
53946
79629
24002
62317
73736
92930
48757
70689
1718
33523
74289
77988
6796
35807
7445
34398
80538
29956
95459
27836
81510
53298
98119
44269
45224
40740
92633
526
58210
10363
85637
95586
19292
40782
45303
94909
24216
72352
16779
97135
15080
68698
67814
24719
17824
22521
10168
53721
25876
81211
57801
88590
40425
602
76998
40386
29709
14502
83388
57537
47605
34877
14459
83316
36102
55133
75437
68805
13466
4685
48516
69937
52165
68596
16920
50008
74900
89953
98833
92460
89625
86001
13198
73832
52208
36525
87160
77550
88602
4271
99886
62934
22045
24617
31896
93197
55768
49623
94062
94480
56904
14383
24514
69660
27040
747
19460
83997
27540
48332
70275
43909
46284
82429
12741
62127
17589
87854
53965
13343
18683
79205
21329
11061
14900
15222
42787
70453
72068
17325
28890
79321
24857
90592
91007
13327
65107
50721
38774
95587
69205
45865
31001
97424
5637
86881
14462
53670
55510
77335
43330
63972
930
96149
91607
58295
33623
98100
943
30248
62921
26396
97852
77329
65400
15339
86970
7300
91269
57557
52056
50104
94436
74518
19962
46605
60106
2566
61129
24781
4413
78758
41217
15730
41879
89323
92493
90791
91608
92887
85562
20724
80424
81428
9068
58412
95781
70591
14100
15741
62506
93971
44392
51179
96927
23452
82364
81976
19277
23938
82412
39756
46312
54553
94933
79318
98688
78130
88452
31081
42038
85371
5885
11375
64124
93102
91004
93487
65665
29658
37506
8262
56450
18741
28385
73826
3699
58362
32995
50335
13159
7207
64727
38439
10287
70775
22155
4068
28511
45495
93425
6336
89134
58559
61736
48303
92205
12142
69297
29801
56403
51920
40261
69882
96368
27864
3265
99768
31543
67989
38881
24001
10382
87162
44319
96645
33356
37370
50348
38311
42001
66072
27592
78257
8724
12851
54450
72117
59826
48442
22490
80097
38683
78041
64668
20255
70364
46372
52020
28769
94981
88667
86099
43743
3758
11864
93504
4501
43459
3235
75311
99187
77787
34565
65656
83922
10871
89353
93687
40431
92446
87717
65666
56229
89869
90659
14978
95017
65845
19177
76344
51117
15389
77930
72664
58388
99047
31416
4808
59639
69541
80020
63479
70109
49418
15994
51862
10935
95203
81424
45069
8085
35406
55265
90187
12763
8206
76933
8308
64699
75499
77899
51547
6892
52116
28840
39801
57546
79851
14389
97009
25670
9482
43198
32431
43773
45680
46535
54688
86172
21387
77161
43554
82919
33713
65589
91166
69588
45098
16552
8460
21775
44069
53899
26421
76120
77911
16171
76073
84615
75047
35613
42442
25089
30638
99665
57419
62479
7490
8677
13169
27487
71235
44931
17614
22574
84652
85785
47563
16261
44378
83410
13473
5833
46612
27555
48923
5954
78541
50672
86171
42360
15574
72073
16478
84316
24620
68096
41219
3831
85899
60409
62104
59487
55200
60567
77589
56227
11023
53610
28651
66527
64819
5126
20235
34662
61700
33101
90253
74777
11454
45100
37374
64210
58755
50429
94235
84066
40080
41483
13179
49598
10992
19666
10908
89664
60967
13596
31976
19048
47589
7867
83628
27615
55630
99507
69395
66764
91461
15919
4540
90496
43633
10544
67540
21123
95397
88246
33008
28943
92410
54348
85510
74053
73104
2355
