1226
13723
21327
76291
80744
83919
91214
13354
36461
70956
6331
71752
34476
73880
32507
23937
1289
54403
31005
86718
21498
48030
94080
95729
98073
72831
82718
92886
1355
90975
62358
50494
45050
2570
55020
35317
83999
46089
40526
73966
98592
1419
81339
16284
52629
94715
2728
11262
20678
50255
76754
19872
92861
89940
1533
24457
7447
6360
82904
45558
5495
1482
57899
41915
81433
47554
80313
4146
33084
84011
84721
56025
62174
36659
76198
1546
72937
2940
51005
46940
36602
89291
93301
44782
84844
36176
91211
27400
6334
36689
44986
2669
62801
9965
67023
1598
1859
74776
54868
1629
95763
70093
29073
70477
74181
74208
12497
81172
44753
7467
1682
78871
91756
62994
82154
67478
61650
8580
29822
90530
69565
73781
2898
13173
19647
32060
21129
70073
43308
44313
3889
32521
48265
82905
66295
28832
49996
45615
81354
56915
13186
91459
51388
22597
19339
27973
4972
71632
1780
51412
97112
43984
1801
69656
3899
46348
2950
5857
63662
31271
64487
50998
15494
38224
10587
1875
61279
60189
79717
26486
55410
6159
5238
19083
8134
8781
63872
70087
12565
59331
39771
1945
45410
76323
62835
11541
62697
2157
28958
35590
54653
40509
89555
64884
94666
16762
77803
45498
18707
29582
99344
66956
95083
23365
92579
90520
40422
12540
37172
37556
66018
88593
35969
10763
41194
73452
30066
57682
24881
9645
25033
54004
99948
54572
55323
2175
36658
76278
76402
26100
66224
90798
61274
39026
55302
4976
2230
39738
64792
43746
6138
25255
52778
8176
24288
14072
8840
65706
45536
91451
50161
14605
51625
57028
75593
30896
34512
61326
82937
60826
45398
85723
29097
56399
55511
38237
3466
9529
91296
46358
14653
56096
53456
50760
25705
73843
5496
69653
34195
63148
90170
72154
83646
70293
12985
91854
2524
11812
20921
41679
3692
68367
18748
65142
69950
17546
52461
15468
91801
24760
25924
48661
26355
13842
74596
45868
28831
57451
42728
21999
84908
50440
64534
76731
8022
75664
3678
39163
60517
10383
75113
22285
66289
73360
60873
84213
82579
39194
11984
50781
51011
87928
61804
89503
66750
29162
41888
29159
38053
53243
70214
82240
96402
97189
71556
76550
50550
85200
37751
9292
75107
91285
27480
5351
27275
8686
41991
2906
35646
92225
42248
86009
86567
79323
46890
8469
38540
91983
40105
48105
44518
2965
62969
78093
20938
30433
87536
76679
46654
71768
83823
45390
68503
46983
50025
22279
71833
15079
83138
61769
49634
48241
84566
3074
59903
73928
3096
16514
5514
63353
82344
68728
23192
51994
76227
33880
35512
31384
80937
45609
36148
98634
7745
75231
81922
5434
26957
90908
48562
59491
42342
53804
38460
5598
13635
53361
95174
64331
49251
49703
51389
81853
51160
65233
35285
42876
66583
78103
46345
31253
36344
93269
65784
46375
10458
35796
85487
64770
88214
11115
49958
81334
10025
85902
74312
93900
11073
55506
79910
57686
35527
75265
17166
29853
7914
4784
92836
9020
24112
97858
66359
34112
43565
3502
54578
3532
78965
5484
92958
4260
77816
33744
30397
23877
44896
24171
89739
92941
73241
79286
57887
7657
66234
54728
3644
35308
51396
72949
48494
3664
