59808
98950
13308
8265
28328
76525
24257
60112
76739
99495
50007
157
20571
59389
35208
77997
94750
50220
44462
25841
78989
75750
25397
23586
52953
64318
65087
47345
72162
84701
12917
69388
12334
31950
10034
40559
17936
20822
59499
86395
88797
80752
94313
20891
76805
41694
35041
77959
89864
69972
72994
20623
93149
4170
37225
38432
78348
62960
73612
34279
19211
7718
12431
77702
74770
15334
30264
96257
49778
37208
67579
92137
31131
45545
9150
78426
37706
39069
81652
25726
87572
38525
78432
20356
86794
42153
70107
92798
97866
3585
97198
6177
68649
85465
60053
16222
16794
80202
54194
14562
75033
40629
80607
14454
15675
85468
57806
79162
48223
95701
31965
52340
45312
19539
47570
16702
36952
23218
61849
66399
93897
16768
12377
37139
79411
86784
26502
72236
16077
60076
27216
53334
26842
38245
37326
57023
26570
38836
40340
56370
56560
96677
52675
6466
89642
80893
65770
38272
81548
79241
61331
70167
10958
79586
62324
1078
37446
32617
90267
68886
97437
70651
26804
265
78215
56483
18324
29959
86120
41771
29372
53891
588
9234
23030
648
70325
46261
24670
4665
15416
15964
25958
30118
54145
4279
18118
53206
6404
96808
26498
54769
20747
64811
98486
64850
33244
37827
14987
40829
75725
99444
88373
77777
56163
3844
76934
85515
76578
80715
67056
72223
76236
95228
2892
60182
52633
31090
29776
55458
4911
27380
26925
77167
63286
74410
27041
60398
81139
13629
94967
15852
28748
3579
12904
85434
20925
16825
69575
75648
39374
30533
43582
72125
36521
91539
24287
2980
88321
87039
4277
15278
30723
20980
54943
80556
2053
62666
64365
48109
75271
66947
46920
98491
64244
40375
615
15035
1439
20667
52958
25127
64392
2552
43374
17217
77880
82927
90126
93336
73619
88792
66341
51900
1290
15599
60156
2667
80496
51910
65182
31083
7966
37396
14591
72093
44418
14724
65718
65838
29271
56997
43382
46549
41595
87622
78099
69948
44335
11231
89821
23755
63894
53461
62455
38054
83495
36966
69292
42720
88750
23916
79980
4020
32035
71433
7710
77383
96643
37923
28118
62916
3590
55802
60472
24424
55117
79633
90732
33559
92725
86306
44802
88845
45936
89913
86823
87931
64443
43309
34210
72658
24576
20334
1683
14085
49569
62256
95985
94290
60147
8856
53181
35080
63047
87658
8935
65460
34013
75987
33384
5118
29270
37493
48934
54750
73868
97758
99865
42073
73253
60775
64660
56457
49839
56044
70853
10660
97867
58413
79015
48333
9718
89960
56928
97407
21919
50520
69468
19410
13287
42542
19783
65437
92099
23772
22957
26699
3181
72564
15793
47184
53025
18128
70407
45477
23576
68428
38217
33256
98488
35608
87328
8700
70717
897
97598
37103
98347
36417
2251
27996
84545
35957
31177
23762
39151
1075
55722
78386
90786
75900
1142
77068
97371
1241
84082
5633
43551
97567
33657
68884
9293
97423
7302
67243
84073
77056
7654
63806
5541
95481
37001
18996
9335
95340
68246
63897
27848
92320
25671
39449
78517
57391
60883
28189
5010
87884
41802
78230
28758
25398
50003
56688
71358
46716
30499
72812
35955
55952
24429
92667
28784
46302
36859
23189
38662
83079
63690
34221
6392
34095
73709
89891
38042
96970
80793
56628
41616
64393
30781
92573
70126
4171
9890
82330
73445
59206
94692
72771
54576
88166
72071
14687
42763
39959
35924
40026
24571
95944
94288
92501
70924
83812
28437
20639
86366
44627
16490
84289
74254
12475
27207
67246
46409
62299
37897
12518
4089
41868
68449
22055
524
68422
10864
215
28779
94352
72715
5793
93255
17214
66597
84487
307
59531
1831
85674
25487
42862
81294
77676
65741
48263
88522
1785
13324
46912
59785
15950
42686
22666
42110
41406
45790
57812
12030
67159
46776
96466
25850
80819
30267
33343
573
37210
72164
27134
57627
83881
94248
7410
67232
59078
99122
16953
9115
24695
6358
92660
5090
93260
89388
21012
42436
64091
28700
50593
5468
29843
14814
95513
81276
64846
79997
32117
40715
751
81989
79556
776
53936
41913
80886
86746
37369
39678
20656
92151
72685
88146
47991
59633
44640
74532
26155
92173
17275
1030
75221
51323
95717
99457
47709
37514
85146
7136
75334
55699
99774
22615
54285
92990
96662
67004
30184
13895
9990
73471
22274
93872
19343
45185
17082
1789
8885
22377
21359
19477
42882
24482
85388
19855
12215
97410
70644
98262
46806
47413
1624
36034
25112
99643
54466
16975
94572
40320
83374
73604
56472
53071
4405
6162
12464
1829
21669
24972
30956
77432
44887
36708
56686
43969
27422
38181
86521
13304
31842
54042
29948
4468
73897
72876
19811
63321
54195
46775
78489
14268
9344
32305
23244
6663
37320
4616
76938
18979
92473
24578
20315
99879
60230
2426
87885
70538
39337
78168
3669
55226
88172
42498
13386
58383
15160
28666
44588
47173
89389
60217
62359
94017
79026
2716
28724
96997
30114
80206
65842
84513
40558
56331
65395
76420
70152
93684
39645
42778
77526
72232
9011
68050
17076
81353
39665
88368
15393
86977
47912
73909
37752
60843
87642
6731
27211
8790
90541
64426
24965
6292
55227
88173
26270
96369
67887
50806
56097
84410
85214
29937
12970
77863
76357
53274
86442
51126
90930
76601
34880
94239
82059
23031
69381
80989
62125
77270
38189
28482
43523
52565
27265
9958
79711
93105
86207
89643
95222
22253
32779
63280
1022
87842
59091
52753
75839
67220
37544
2162
70727
86134
46667
154
46861
12175
78681
31810
67162
98311
84985
80094
42773
66927
93820
46865
49568
67544
88927
29693
25146
55332
10865
75091
7525
19879
78843
67726
4511
9351
81003
75127
56034
90130
42796
84541
12207
3887
82697
23566
41817
14865
65464
16326
26738
2340
16805
52395
386
20569
39271
1165
83489
404
93259
78683
90202
795
18143
76941
94730
64580
48401
68198
15427
81307
13571
72455
87562
89983
60291
91432
8384
37773
32354
19538
82388
63139
955
69325
81981
73555
37174
35403
7540
64228
66314
90827
80530
10819
65765
96560
6557
75759
15990
16632
8060
5943
29152
98477
3198
47485
62133
29445
66605
84868
18446
75434
12120
13542
65987
66741
13346
96795
93041
35182
50012
10851
78107
78746
85453
14029
58156
88101
50820
88017
92040
24068
98548
69431
3572
90241
9016
14224
1129
24822
6947
12468
97235
88810
36664
94587
33982
23878
56624
87619
58461
23679
63374
10232
7312
85574
2000
56631
62724
58885
18286
48524
45101
30101
30068
18904
44763
75117
64055
1495
35480
72995
25284
60184
15980
60982
5399
23761
15516
54758
96806
21049
1423
9763
90712
57778
25732
88056
58507
45272
54638
65920
44391
20626
69197
60941
27964
19634
61733
84476
84245
73396
22774
16046
33217
94102
49835
82534
56693
32347
17170
8027
10008
47135
96228
8156
81540
45138
47095
57588
78133
4705
98154
26133
62845
32164
91111
60989
16678
14850
66020
28262
53398
10753
51915
41305
8707
28457
20180
2904
29674
17426
97555
99825
87263
70274
98977
77987
29369
28040
90222
38653
46321
45515
21966
58123
69171
3424
92743
15134
76397
20781
21921
82823
44317
83933
93005
57169
69074
6888
30806
89819
22744
93738
13395
7376
51409
2816
43110
57373
31505
57120
11230
31369
47085
54007
20057
53328
87786
3832
98644
41067
25084
31280
92585
12348
63415
83754
12147
71682
83765
39158
62761
34731
86189
20153
25725
73516
29312
54799
32424
62601
27727
28698
32169
63751
30582
92552
46551
54596
70541
39748
70941
45485
38338
36334
66339
69612
83095
56784
72998
16916
9196
68524
69756
13828
11217
27595
72163
8588
99230
83302
21776
92406
84471
71091
41949
93622
82116
5845
19350
87407
31027
6624
79725
14925
46034
71048
35835
39342
95344
78465
46038
27999
73333
12301
33793
27270
84078
25263
65700
93249
7900
84083
5287
48874
45841
20723
35067
76168
48856
44303
28556
92415
13547
76220
74946
68923
76526
84411
45064
33444
10056
468
39395
17876
11799
17102
24848
87538
74269
86003
92335
38148
29725
39667
3521
66655
94356
59114
90801
36912
6351
8904
80295
61713
29087
33509
33388
96326
10986
40646
70694
88807
68526
57184
21541
3971
49811
35629
93409
70378
58499
91900
69779
14354
70273
89880
4215
82509
72222
87385
65165
86002
82673
67727
84935
43462
89331
44196
73191
33310
84001
351
70259
58825
84966
88117
78052
79264
52680
79769
61580
76361
38966
20970
5843
87908
87922
90570
12496
44279
43415
26240
95886
6130
68450
81623
10252
1935
33316
22037
52681
69905
54077
90155
14083
46868
61605
30418
54088
8518
27349
62005
93547
1277
80982
96461
26686
56325
23607
51840
8070
38699
56625
36096
47571
35419
37586
45747
26375
7098
17174
92476
54121
64637
93411
82742
88727
36612
78011
19078
38447
96535
68957
34747
27853
34806
11936
52888
46847
15199
99006
3479
96053
16038
75914
25808
16919
40862
76946
47525
1100
16782
14174
14935
41746
12039
27684
50562
50404
31084
11436
51664
42475
14575
19147
23928
97627
52923
19173
28865
90891
51644
81774
88973
29256
73524
3894
67285
35049
38692
93523
70685
86559
39669
80436
73076
45478
53932
36424
46213
65168
36962
96605
28800
13524
38051
50248
85153
97984
25570
2330
48253
31014
62720
27094
63138
3391
40353
34842
79283
99893
5288
29409
81641
56341
22473
17302
80333
97542
40524
59615
1099
22596
97336
99409
80536
2993
19392
66851
46169
44252
66195
48981
18285
78679
51577
36711
69648
23750
59040
90890
39465
68451
97665
25678
70310
87669
29446
15395
57018
71001
21530
95780
4048
13106
45082
62323
28542
76448
58261
20567
33580
23125
49397
12362
58185
11190
1708
67069
6182
78641
78715
30942
84902
16212
22183
2969
48929
71478
77903
86978
18467
10080
87664
38280
56430
71035
92326
97657
84637
4111
30148
74492
55129
12124
45107
50227
9175
35238
75031
96255
77104
83456
47223
55023
33307
38516
28834
38755
73453
98153
64082
27178
3481
1796
97012
4274
65840
7478
50831
90315
1833
99337
90507
17286
26889
15305
87024
35622
63709
33102
49625
57541
11185
12886
2106
95283
61788
22128
43028
74888
91688
63362
75300
25532
25926
99663
39853
51197
59898
63091
53464
18200
77232
87145
28932
45484
85068
2249
21277
2257
74603
56127
14874
45215
99493
45769
26516
77547
90873
38670
9322
23620
89867
61241
6053
27318
4907
34450
58417
45550
86665
7864
35214
99719
42994
25964
20788
51650
2548
24545
31556
97159
21004
9727
21829
87296
33369
81239
20783
13572
71136
85684
91085
50737
75842
17714
30973
91712
54378
2843
7971
78156
13136
54789
97376
73575
5160
27112
34838
75659
82689
82323
45710
53079
42299
79821
4365
39795
65983
80201
13801
98652
40463
89118
96978
20096
78467
18106
40251
32351
42072
14576
49866
33927
91945
39982
68178
81401
15665
84745
42424
3504
32120
51535
42322
93267
19827
32587
72648
82213
89655
41704
41877
15324
85975
75365
40410
77854
67706
12004
38769
64112
97949
42889
8667
4174
74752
50809
88096
84119
71214
91474
70994
58218
16720
25745
72007
72002
73525
39900
72252
90003
7108
75070
36384
70793
39817
39464
87775
93330
21462
25130
20574
22166
31311
24591
13659
99966
57808
23725
38204
22407
71271
63318
85076
44603
28977
93446
96744
57222
96256
11982
77451
90793
43596
12532
89774
72314
79559
45093
94121
37058
94678
39636
5440
52264
25966
24407
84869
68346
80846
23506
23
93300
53635
3682
10611
56846
76157
53093
41345
62826
14086
87706
10197
97081
74583
92883
40797
13862
51591
16359
3118
64116
1135
58246
5608
23267
37441
33636
42631
159
50221
9183
74659
81463
93939
83888
49419
90299
99690
90117
12925
70176
42242
50112
9192
87387
90837
23764
99496
4689
43866
80089
28071
201
17409
53656
6462
27514
49552
42741
10390
38928
58836
70647
92753
47183
65804
64328
67479
3040
73833
56540
83360
14014
62129
260
61860
35169
98155
74378
85794
80133
276
68927
74401
79186
5246
70123
72120
12306
51181
53407
87504
85572
31545
9812
12556
37591
94864
31394
47030
98079
43127
23618
35579
34244
94980
10431
39009
55986
56561
26341
29910
14716
35961
22922
68575
58765
73131
25921
99605
26462
78827
42399
80468
58539
43202
11531
91106
29155
45791
12476
2135
88208
39347
39284
38354
4045
27926
21847
92324
89633
447
60449
16058
38455
51562
67146
2666
26662
14109
13314
466
38654
56787
71103
84284
5599
67901
37797
58537
55990
28300
58068
4002
69328
13522
5699
13111
82285
88933
84571
43176
35819
23906
39104
23688
85474
41361
5455
65191
85192
66361
24731
97289
44673
95632
49249
42314
56017
12806
21244
65673
82812
71820
20171
47098
50619
36529
61553
8155
85852
63190
25270
4483
27767
84532
58340
94582
9879
77548
31494
47806
56400
35689
18372
16967
47027
93412
15480
71054
19525
