32616
39186
75903
52186
84136
29563
41732
53428
59197
56452
1957
75153
97067
81910
64036
25992
10641
14424
51251
30269
50331
4101
88455
65414
66666
42834
44308
2321
51201
87286
8862
88339
67788
38258
79735
89064
12967
6932
54952
53200
71922
25956
87683
20207
67507
76790
23327
13834
78393
65334
87224
2644
49450
23766
80083
75358
80601
3511
45974
46741
17508
82878
67385
78927
88985
35612
82802
46367
12827
18665
26770
31425
13359
9863
96601
67994
99550
59837
31946
86358
55295
9304
24805
95630
70094
58195
56636
51357
11636
86744
13798
34118
68141
43153
44544
65616
26364
63419
55814
81065
21491
4695
14178
4903
5960
50773
53013
50159
15598
67967
41313
45760
33676
94402
88976
74282
88080
94245
27164
87453
40214
11325
28654
29214
65534
75655
60368
18751
74125
54852
24826
62477
66612
34818
44831
86231
54237
99628
57652
34602
24803
64325
75400
71535
88617
69636
18620
14964
44996
12460
22118
66124
10531
4593
41421
72277
56360
24696
61675
53029
54891
81330
4893
82964
53813
7124
92281
92239
42847
94291
13074
64807
34137
17201
90060
49164
5252
88205
18386
45295
31402
30741
8511
16816
90773
22599
91798
40858
62294
82465
9146
56289
89455
81720
60871
9125
79498
17617
33378
64383
50364
55706
81803
26953
79715
54485
37567
60963
64883
87068
74535
82058
96140
70481
92696
88802
38274
75040
8474
63300
31478
66041
37134
99568
22124
67254
80706
42629
98158
53554
37758
46419
92243
25851
91327
73755
79993
62693
87820
94611
76481
131
31670
55079
11665
13398
36591
36082
77158
25680
21583
32205
26988
62406
98715
8729
50792
47091
40571
65619
95331
54996
42937
60254
7069
55726
3595
320
50821
87875
65713
48477
94136
43689
23033
84975
91946
65651
7805
94534
20535
61449
56934
53426
2805
10451
51889
27545
66636
48891
72663
89491
49357
75097
34305
57657
55148
37176
15799
25323
6914
78848
49145
33231
71850
48792
45472
46718
36951
68734
98406
7951
40625
87757
77557
1521
78222
64592
45481
73658
82852
22807
19090
77182
532
11305
23540
49001
90095
57480
90693
87594
5078
91352
11072
42888
31838
44164
25881
40978
58159
84794
98338
72800
26590
55500
67827
40775
44882
13464
2358
35780
20379
24819
84074
75866
6550
15275
96776
17182
87476
86846
31633
85847
40331
62310
68754
96862
79825
1474
92109
63068
54953
30757
75274
87484
91305
53695
68994
34020
4762
830
53161
55903
850
66245
49385
65072
92367
32966
20600
69460
52092
4651
45786
13784
49643
10491
89098
84776
93342
19132
86152
42325
90896
15691
56917
85563
5982
9767
19308
37430
13465
74926
30511
34792
27754
89976
78932
86042
92624
20742
1211
51928
94411
6806
63327
14422
92923
8915
75867
29997
17268
64539
35130
41761
52257
6525
54232
40672
59247
54975
39357
1422
59444
28172
46360
49342
48657
47134
27823
92547
87072
42977
49326
11603
49651
3052
80294
43836
12974
87143
88954
32261
32166
76281
3430
5087
1467
25349
98179
25211
96651
22763
64230
31074
75780
88799
94564
96823
52613
30250
7814
11029
39469
17191
41651
2114
95207
67518
25326
17810
95278
86071
24115
88052
39499
81011
79280
1572
54847
46630
16055
58163
17453
45211
73183
73541
47758
13663
69322
20913
20610
92992
5277
45815
45592
62032
16661
92499
82841
94075
63594
78761
41341
47376
20318
3055
87051
13964
73936
77226
41846
34224
79650
76282
38015
39126
43155
35213
72835
84214
57807
8960
93806
72872
51936
41408
12536
39943
54709
45469
7443
85989
50496
15775
98453
78567
23471
13904
28298
16139
10606
2741
15695
76089
24442
68076
39410
99816
29294
89094
82585
52814
58279
41997
84003
1943
23640
6411
26022
1953
1962
45620
84882
47296
44653
68594
27350
63203
35372
42344
46996
79894
41835
54190
49542
23076
53740
78204
46396
53717
85349
53304
10941
23892
66118
97860
35428
6968
10603
23731
15596
85012
19542
68023
52933
53462
72711
60497
63010
12179
23558
55110
15565
50749
43848
6929
91183
95189
82975
97499
3679
77972
78729
14453
85666
62315
47802
11236
54198
14558
2268
74930
61151
38156
39063
7017
68679
5635
36863
33098
12871
17205
47351
51231
30570
56115
11239
5295
84415
6671
84043
9357
30930
33706
3230
20954
24325
37251
2400
80980
56793
70900
69563
7695
94694
54216
42140
45345
51703
63459
49779
48775
86154
38622
2496
17884
84632
97398
12820
44797
60736
2532
93175
58387
93076
19869
10388
97261
37183
31430
16128
48390
27952
42198
40974
59056
78242
67741
59775
94217
99411
60720
89380
12742
88388
84646
47799
17628
18138
59215
57960
65176
29103
66169
98031
71755
52844
55019
81619
96464
69667
4035
36589
99522
2790
42866
95113
70752
63006
18515
86086
48215
9038
10957
96870
32018
21613
22604
93436
95105
13134
69444
87251
47770
6853
16607
65332
61140
93084
19422
71345
29640
63607
60328
42122
36054
17317
11648
4273
56668
73227
75363
88622
14265
94982
72091
3133
96184
87262
75710
73232
57424
10870
60159
3174
27031
29054
19996
26557
41494
88911
81854
67533
34104
32026
87858
32496
16388
53340
63033
15296
69814
38246
20645
60650
17510
5746
78032
16561
19036
32602
75524
86604
66812
21414
78431
85848
80602
56171
74939
17712
45054
80963
73374
64806
80369
53175
79292
25215
38601
86742
17911
67638
11031
36089
70142
3715
4568
73265
74533
58705
82933
97930
98452
27600
35645
63237
5404
99150
4452
14269
63499
22375
56366
15446
3962
92303
38433
26225
11258
65663
99788
72437
18119
13792
22790
29972
8140
10560
29233
77943
71948
48371
98357
41921
75978
43928
26780
73531
84063
71385
67234
47107
21142
47695
52495
8668
50130
63025
34423
80574
23046
42016
6369
59419
21866
56891
77444
33490
52447
60213
54471
20074
8701
12089
87211
87217
9430
53317
19291
73857
12584
34006
72156
31061
67509
83800
29343
75458
33425
64862
83144
43592
11775
88907
85730
92641
56437
54532
49432
76606
62886
76438
16897
92833
71039
49201
72039
77705
72856
42021
74877
24282
34556
87860
11168
19544
78454
96594
11117
47948
86354
32218
88014
25833
76229
77904
41602
77644
73893
86848
68376
90425
99199
57921
81775
46244
5963
89818
7630
19235
18153
95129
24773
98354
59264
87513
83086
67442
92529
83958
58477
17348
60372
19121
78048
15792
39493
99390
57771
63202
35192
64062
22334
88170
13854
69156
61957
76074
87083
35514
81758
60673
61294
63716
40926
55926
15600
16069
40819
69120
50327
69508
64542
59435
37394
85976
16544
45041
68818
45683
42587
25791
25853
98166
86585
72390
77080
83503
43712
44246
47711
9606
30054
63955
58482
60105
24254
66784
17288
31458
25942
79838
11643
37020
69241
84233
38140
49064
96607
53762
21130
46226
11
14103
49729
4633
8162
55667
57507
45561
52968
34657
33300
51731
13614
4650
34604
62374
40
64772
29576
66280
25927
41598
23025
60107
25902
69424
95460
86664
4700
90529
89661
17181
34753
16810
99009
14767
26255
11671
77285
62203
4523
3495
96715
6785
48894
74759
85884
98273
30742
38612
31787
42174
36530
17867
30386
85699
85724
77241
99282
2581
78757
9608
35511
85140
76007
81269
61504
89162
68905
40053
96765
25424
132
52825
22690
12180
36167
38649
88434
45528
39379
2821
32750
94528
71712
32216
27968
14147
26466
31379
36883
85470
12321
48705
84055
8519
59489
2364
68700
27176
67551
44033
4475
55126
73024
64408
11317
192
48104
16860
38934
76482
72788
50467
45917
66320
81583
87174
44766
4272
222
39918
88926
41554
98759
27133
55097
77353
17701
36351
49978
77871
29988
17706
13799
86648
45534
62124
74428
39420
44397
23214
59954
36986
79985
59526
66149
28274
27817
85525
3882
66789
42789
64345
53135
78157
72168
59484
36557
10962
11309
96772
17211
7799
25716
46641
88383
4590
90371
64003
62777
8383
27501
29207
63457
75642
78441
20084
70377
67771
68929
99247
7052
959
64865
78089
38285
71678
81735
59059
9065
68992
2727
20591
32714
68901
5005
75144
74072
43920
55605
42127
29456
61951
36393
5074
98403
66715
53945
52999
43980
19278
21691
71017
82229
8196
28376
48933
22504
26941
99957
94752
37529
9093
29039
88320
57193
29522
3769
47746
86704
47892
27072
97409
21923
32900
56564
46953
76468
46985
19408
90621
49939
9964
92890
40415
919
48181
14049
38615
6370
85213
67085
76711
14711
49082
50643
54631
64327
13163
31611
64863
42663
98505
44027
9376
76707
98356
14732
88728
69263
71252
47267
67624
26269
79578
87898
86759
84040
86174
61574
44222
88681
83359
47070
5973
47654
54434
50804
39537
85622
76223
39150
44349
45898
77200
38652
23298
83211
32746
8759
75683
81796
39931
40123
57459
66716
32756
72293
3231
71507
63954
21920
89464
10482
49827
94409
94230
26093
55433
15779
12349
90316
72825
94643
84118
54850
61586
79083
2955
36353
63890
74427
74913
7797
17039
18735
67957
639
29223
2127
28536
38650
10453
72980
17475
51130
48596
30133
15250
87673
50655
53059
31932
3681
36391
23673
93883
20375
24722
90948
26489
30287
45181
32937
55589
51245
59881
64289
39444
11329
58052
19633
34920
36819
57308
53850
26929
82242
6675
74302
84682
62911
4820
49601
83588
9012
82638
29845
11157
84548
12693
78863
77728
72753
57804
3701
96936
61816
84508
4030
50887
19668
27882
73139
18854
49733
45431
76506
57019
88226
36916
25134
85202
29115
23699
97153
1768
82769
9905
48970
79906
20002
71770
98120
61295
7979
19850
81604
96055
48065
5162
2894
22683
52743
43403
25594
869
32444
58058
41538
49440
12269
24069
64640
40322
31259
56273
56514
41892
71737
74268
75459
41490
68846
52908
29795
68152
2978
32321
33332
40966
41474
25037
96875
99078
29873
61908
29338
81529
60718
96306
48813
81521
73273
25746
11953
85263
77725
92351
20814
81691
81771
58763
56038
88563
56173
43026
43106
27535
31697
20876
64335
4446
39640
33673
1604
79038
88777
17236
13758
16904
93590
59661
4288
27357
61820
64419
35131
42383
46793
59155
21511
72569
89992
45594
72464
43445
38131
43207
69536
97716
82212
23602
93978
1102
18484
69811
95874
1107
52137
53222
19404
9978
49132
51976
60042
6957
68997
8430
60191
59901
96740
11249
5656
81943
63432
82197
67872
5616
26856
82561
69051
74742
39024
43961
29306
25980
21250
12537
95475
83049
21127
47222
28588
25023
29042
42918
7111
30987
24080
25610
60025
31105
67605
21503
77347
60767
7025
84137
28690
68536
64591
29192
16717
89949
45658
49720
67230
37623
85300
73034
7092
23069
26252
35877
85844
98011
6952
96386
45924
70074
21653
89339
30935
56267
11484
84445
93829
41735
25981
40003
1348
6937
86740
3522
1872
99678
73481
57186
41247
83912
95242
10879
38466
94373
67417
69221
14738
20226
45369
16413
68638
99263
31196
50805
41782
93218
48301
43563
43454
99995
63903
59860
90895
65234
28735
28503
27182
3528
67884
95055
43033
13998
47520
71464
52038
27354
39582
45871
33315
49130
26666
42661
1895
11180
29575
53749
15822
84894
19927
23169
62865
29467
83975
38742
5883
56280
20443
55424
75640
50908
63568
9114
35231
82704
80387
3249
2243
99914
68519
15001
84404
38458
81662
15036
82674
90977
99292
26444
80467
65874
93215
71118
42908
35803
24406
3450
36021
64394
4518
91974
79144
84700
90829
16991
6403
99800
3695
16578
29993
60215
46044
95954
60473
16141
7821
97421
69365
77809
55155
76512
13884
39196
20004
90037
27829
48747
52934
10968
15073
65908
78730
12649
7007
96423
48937
65939
15276
51722
3001
85257
4287
14119
80384
4412
3711
35439
98831
29089
55562
76795
24994
82930
15951
74546
97813
25223
92117
35246
84056
89476
68214
88386
35505
64856
2394
40801
30800
96452
84436
77421
94979
36975
76651
90784
95527
24110
19926
41786
71664
27711
51345
6507
86183
67669
64203
92050
2823
19658
66188
95064
9294
71603
89282
64241
41150
45591
3403
59392
51132
16994
36242
24414
99560
13506
56508
38300
1787
69316
84587
27947
11539
69167
15895
32094
33581
83653
12657
57560
23708
60204
57558
90307
63087
1822
6574
35567
47050
49353
4434
1839
51230
77616
32132
22441
47958
4646
50870
96417
13500
44637
44436
44364
37383
52646
34133
73932
78126
55734
45801
85982
79328
82097
74843
29581
12930
58990
52869
65058
84833
14282
32710
53676
72179
37837
71921
81631
91332
17874
97404
38344
4990
85422
45692
97767
1961
3527
5561
39320
8529
85462
30913
42802
25115
95512
33077
37990
57090
78941
20685
62591
3814
68375
60859
92039
65943
32643
6946
24604
2048
33530
96270
68483
97384
60556
9022
82510
8343
86599
58742
85073
61557
9512
30721
89571
25598
89023
79511
84891
97540
52506
45258
34126
4693
4333
51733
16769
22114
7624
75533
98648
21686
47247
12210
