93886
48714
65164
1792
43598
8858
3499
51546
73081
43727
34049
13768
54999
97258
8273
65415
8830
69218
88813
69768
39909
13528
40879
1891
58713
53767
66291
34036
51131
3428
88435
34534
55712
59468
78842
75696
25013
99126
59324
46016
77503
2360
14990
84021
53006
80221
88315
98967
30444
54353
33119
27430
73216
15619
83219
59622
2546
68176
11333
31571
97302
14340
72185
22834
94646
76251
12261
52671
80912
24587
79852
55135
82092
25625
28307
73923
40979
54743
49817
38632
84642
62748
93732
68769
15720
95698
90274
35744
60910
13138
36956
86229
53658
5542
78655
96469
2201
46313
67616
37654
53555
11655
38998
87581
11319
17927
58296
51133
89448
14308
61864
79864
48005
2623
16361
13149
87800
38593
20077
53113
27911
4788
26680
71615
46702
18660
55693
53752
84301
7964
70760
33729
37107
12620
15274
82025
17468
2435
51572
15607
58890
51416
59678
6189
12530
87235
20426
38986
68209
41593
98408
98722
43126
56985
50233
5502
54274
71402
25715
58143
87830
9703
15394
15864
92231
36891
16092
84750
90675
76171
88756
33141
50702
42845
29784
58903
41794
48020
7849
62449
89114
51080
81484
76735
55213
48857
72891
46701
39603
61175
6225
34182
33504
21830
66360
91749
22475
26495
87290
54941
37380
18148
88426
65154
50822
21268
43019
53341
64723
30915
14466
59674
16930
2910
24790
33760
83841
78273
70763
28736
19485
2962
36667
16431
85862
95183
25374
26336
6273
41455
66797
73310
9847
29612
11755
77401
87005
19921
64058
6416
92546
75149
3067
70623
66680
48097
75161
91245
71685
90992
93620
60381
64815
3106
65500
22025
22649
96080
99400
61436
78473
6249
89968
79535
92637
3168
44193
52695
6147
52356
66987
77688
89337
3188
54489
3194
55207
76654
50872
69180
40183
76489
63103
26721
61319
33638
35722
17584
80152
18109
32128
5792
11328
90270
65122
77909
12005
53632
66881
81299
24289
54142
24022
62928
84732
12161
20584
88659
5152
71906
18158
16846
42894
71155
6065
28807
44383
37217
71002
63748
95409
3439
7245
89028
39778
23570
99104
99028
92586
84639
55352
12291
23453
23978
87880
34029
3580
50571
97158
87092
62952
56489
59649
96262
81096
67707
51574
40071
92553
40753
27699
3683
67485
86531
35749
65571
34185
70012
35359
6556
77192
29570
76467
44707
48922
39508
38437
4526
28702
20258
61851
13756
22371
41449
97025
65950
15246
93281
75461
66447
8973
77620
55164
58446
84914
12758
59619
78149
6022
38521
18107
9007
85260
57441
73533
10615
26512
32252
65758
80971
25111
69005
65427
53147
39612
74102
18281
54140
4116
25987
4125
68912
78072
42706
49930
86271
28725
86750
61909
85017
58854
17917
48984
43525
10448
11150
5189
53310
46579
85120
67905
21225
45213
57394
77263
7803
47020
77846
93598
62364
77658
10277
20115
81121
52837
44482
56880
48226
53421
75612
52342
94420
8763
73210
74225
67637
45466
99278
98829
45237
23500
10152
82768
53388
26285
78065
50838
95504
64067
63213
64092
38496
89254
51402
80230
25616
71886
6901
77209
86536
85291
43904
48918
41214
63405
36378
71611
65482
34600
6383
22143
19632
33454
53332
21962
56877
93799
93192
48143
56009
