10708
30193
11347
16324
89725
8914
74766
16154
67102
65070
46618
43013
94898
47096
20390
70431
89136
26636
87275
40304
60141
26484
25016
25973
72507
24523
16808
85776
93908
88404
67610
13129
55278
92492
10696
70667
49750
55764
51379
6987
36372
45253
19159
48830
1308
54871
21192
17054
51634
73913
44859
28608
63146
75239
83238
98
15603
94281
2830
25036
64204
60631
99492
28102
28685
36065
67352
7751
18989
84340
6832
28954
2346
49533
30635
69190
89432
79107
59707
97132
36877
36625
94447
74676
65854
21055
6048
25311
49055
38197
71342
2224
12637
84421
67174
20958
21270
52001
30374
98290
95239
18516
36170
12784
79178
58866
85911
80795
17318
76014
87021
37274
35599
33888
57702
18913
80976
44245
98159
83319
84112
52712
89123
79712
10005
93976
93382
22156
9604
56302
23205
48690
16579
72678
23317
58219
99296
70493
44428
46451
29627
8605
20621
93582
36433
2421
23517
85374
24638
3024
24844
41318
53128
4994
11414
66405
15231
38597
70875
20753
70039
75877
96511
88805
88629
36645
33983
12258
16205
3914
65537
47181
5835
44211
94618
49801
3115
26189
87643
75344
92478
40676
62905
473
44742
45385
12511
46123
44104
490
93696
39475
30652
88098
72303
80661
90867
27416
9926
68216
55643
24610
29718
42111
57649
59090
91043
59535
53613
77316
88633
74379
30839
24211
93880
13008
41412
77105
51772
49477
72523
13960
85253
40951
17611
45434
2060
39713
85408
76162
32755
27656
48849
35122
86435
614
54825
61600
42271
65504
55360
31406
79973
52930
46304
56591
78783
57559
48435
2235
79152
27128
1050
9156
51560
673
78741
56715
39643
50510
61907
56884
65543
80095
77932
22531
65797
82107
76723
68462
23568
40184
67041
64138
71605
21360
58252
63761
13062
32906
41154
32301
26729
96487
18097
51210
60370
60428
31981
93279
9736
27100
16558
67992
66871
29757
85579
36910
91430
66392
49841
49026
20622
77186
48124
847
79713
25018
39939
66213
41299
49243
13032
69770
22754
9986
7396
45314
44689
91631
91388
12850
70621
40919
42878
16384
6266
29775
33286
86102
29903
88842
74631
36432
35446
38743
93340
44858
91667
22089
98359
85296
7472
946
7221
54371
8930
55288
14681
82712
24750
2234
81004
31446
43420
85500
90032
67400
99095
80445
49592
64978
43495
53457
66802
1048
11195
6079
75751
76106
24789
35346
64421
20518
18039
55120
84354
40696
61579
79054
3975
28501
47152
28796
96620
53972
79364
2970
30050
31492
59553
44145
40015
90111
65744
37637
84762
67036
48637
54186
90574
7348
89221
14204
17866
92264
73277
69040
94252
84634
20124
17670
49803
33385
17517
1193
65199
55197
24667
23289
85032
84099
98736
47453
13697
82671
7477
85766
41207
21269
1804
57992
70184
75597
6432
17203
14213
66864
33800
36999
94822
91082
47682
84405
16190
91568
16905
5469
56323
39764
51888
54826
65002
80211
97513
96226
81717
4807
10630
40438
1371
3286
34249
82625
60714
85092
27425
54970
72075
87114
54654
71790
34486
9579
52830
78956
38190
19897
39655
66016
71389
15440
99119
1433
21980
41964
27774
46231
95727
93825
94504
42112
75456
82910
51326
96751
6056
86562
55883
97825
