43540
55886
64984
9042
92767
65371
19870
71226
74462
1218
31776
26323
9029
58382
50501
22169
41780
49087
36619
73885
48921
85816
87184
59087
24872
95014
1396
76239
43473
15632
40793
2193
74496
64205
50509
94558
24255
85514
12021
40188
80869
3088
84327
28333
25051
64103
82849
32969
57723
89374
36854
11828
73239
4521
10948
87998
28582
14350
43847
87248
28562
23418
72269
48996
86144
46305
80462
6798
34176
78293
19642
49104
28814
21807
72017
94872
13735
36972
2858
29284
66577
33066
12382
48496
7993
26003
97099
98889
71346
81614
68457
58281
97003
20208
29438
68273
79524
38747
6980
49910
2859
70047
6915
63129
64473
63070
19203
44688
67558
14373
15178
61676
16336
30903
81608
67321
26142
61229
59589
96312
27369
29808
16709
3724
49581
60325
82944
22112
53980
16281
32880
39777
82391
54464
35440
24217
32546
69008
61959
77562
33515
10840
74800
4231
33569
66815
56329
22632
14071
90331
77137
31518
33183
21758
84788
55027
72341
81776
13509
48655
78498
9974
37420
66287
65251
78101
84469
38648
32151
93372
41775
91890
79314
96066
40325
10885
55028
86680
25060
70078
67464
79612
39995
73349
19492
13379
70666
32135
1065
94095
37019
67091
15553
15631
3633
96295
21206
1115
57037
4209
28026
78613
21519
48037
94186
24232
83119
60072
21267
49671
33622
49401
64913
65545
1248
82343
65705
97239
77163
73617
11815
58287
99027
4692
26534
53500
1390
1402
18422
64444
45988
88334
17889
52415
46394
62741
45799
31168
63977
20122
43278
17402
15341
20761
95269
48553
27523
30016
24716
94693
11181
46815
25321
91030
50552
1776
2750
79081
1797
64700
54914
66151
80451
98576
73498
74994
90066
88235
28620
30201
66248
30141
64200
87064
58780
44666
67462
24175
98809
42656
28294
20477
71660
25984
14714
46770
48326
84185
90064
91745
81821
82083
62266
17601
96047
93664
81639
96641
95046
41525
28773
55002
97778
10982
9563
5706
43708
57447
84643
56725
25565
93111
58275
59346
92347
15894
84770
42616
96062
40993
21432
82836
89279
12913
51022
38727
87082
68458
67517
35324
79925
79569
3348
93233
45192
22440
93290
40483
42785
97049
92535
88989
58033
62507
31380
52875
31542
40127
6235
32534
48396
42925
35132
98439
90603
10133
76666
24433
73974
69894
44393
4026
45448
82472
23502
38440
17622
6361
4704
46416
81601
24188
45681
27800
53542
9327
82633
96099
5675
28600
80178
64081
15300
76435
30789
88877
87183
20866
87242
76442
17335
91771
63973
42321
53657
14469
95170
64482
8515
22163
48850
57104
56462
44270
78452
7212
61099
3274
76010
14381
21905
43354
3342
29140
11962
14032
4162
72933
77753
81993
30929
37832
41416
42055
95132
90613
13958
19259
45707
27508
74988
37487
62672
60625
43065
12786
57712
80494
82194
70527
51749
54822
34557
95417
46691
33896
96101
40761
74853
36280
78446
81443
85654
26288
37009
42708
251
40573
74317
26933
84075
63078
34048
54583
2617
49119
40050
91033
9759
56322
11063
85638
47786
1853
22942
22917
14190
11455
81415
12280
52462
45164
24627
78304
32699
67843
46587
16350
87000
32709
43711
8345
1980
91736
27358
7902
3723
7883
46568
20241
77334
67467
6286
54204
6777
47241
11353
98583
95642
83455
50418
2536
7444
12218
14185
75148
42567
10575
44985
6491
49871
14903
16772
90424
77250
23567
53645
14583
38796
53230
48853
74394
37870
46217
22920
82608
92786
11686
22851
50585
38299
89348
26465
38657
39721
49261
56199
40028
86256
89400
54012
88124
97921
57472
25275
97004
7260
99349
24157
17692
73259
54860
35225
68504
93115
25633
23228
91447
98246
31261
95816
97455
88372
59193
25541
78723
76241
62187
17828
935
61041
99581
36409
22655
80547
54977
90789
68557
84810
16925
36734
12555
99691
48118
52042
3781
1809
74838
14012
36113
15624
47636
99425
53124
74339
29004
15908
28886
53803
35168
40043
91682
61205
77366
58605
77686
35295
1414
11081
3625
86760
30793
81405
26111
33197
65856
67256
45252
74514
1215
30988
71616
3501
36782
56261
35997
37353
11046
37731
52924
49590
51129
98016
66058
91869
39703
94690
8590
67248
80783
21234
21471
77888
33631
57072
38810
61895
33837
56106
63939
62158
7519
31553
1406
63693
92558
40162
59355
51188
94408
63028
14349
24192
80582
44156
8037
42983
57923
81591
79187
56914
41132
8908
80426
98134
90537
87355
1534
1542
71374
23534
95145
34467
41008
1575
21840
95991
95306
50155
85506
83989
47818
68702
51602
70255
25916
2267
12411
66126
81111
59080
17821
92172
35106
20959
46343
22079
77709
32964
71081
74076
31548
7780
73580
11071
28258
49448
40196
15770
49556
3310
43101
95773
41153
93180
25269
65163
4766
87969
19570
37488
2334
51072
50746
15698
74112
38798
2876
61731
68362
32510
25106
40001
3646
75511
77668
12148
27283
45240
29617
94122
78946
2924
41293
79919
68440
53896
80726
88915
71440
47333
43597
78313
90538
44008
23771
91815
31241
83464
96307
93878
39723
34977
13702
66515
89499
86261
67981
49593
61961
56113
77682
30952
49932
38526
50293
35842
88037
41026
82440
37458
61921
20292
33240
22919
27356
90828
88328
2422
39571
23063
74050
6703
2439
34451
87063
41036
76151
68855
33956
26719
22540
59997
87341
35259
16780
67743
50565
88300
34069
36083
30991
19627
94988
9565
14889
6630
39099
27127
75668
99931
87823
42179
81955
70388
16569
52235
25231
67414
89888
24046
59413
55753
51236
50184
16155
68870
57178
6999
31576
70182
94996
95580
61092
71745
50408
32804
29165
61997
40624
39048
95790
52732
14365
47756
52733
48712
40428
31398
83447
83736
53387
80330
73889
73066
70999
82167
38567
97625
37050
26015
18379
39497
4295
43753
88450
66355
78306
39710
92878
51724
53595
60688
86440
42027
31805
21348
49620
4879
98309
45383
47819
13746
69872
13951
79540
25631
55299
13482
74197
37118
48598
13446
23676
71561
48432
33688
49031
95206
42734
28067
95793
45127
86311
10347
24662
25928
65809
68243
80149
14145
53666
93843
6420
84249
77751
76759
35038
24438
98856
54220
18040
13031
62312
46447
66508
37069
9875
61787
80012
86675
64745
38984
77565
49163
31393
82993
72484
80892
24527
55704
61156
86923
32238
35791
18796
51163
71419
51398
65896
64133
26318
51302
26798
74345
77371
10912
61417
79396
76986
83903
18543
67137
60627
89847
23450
66785
41006
48331
59398
30485
23536
25080
39227
28023
77994
97476
7509
30886
6912
58553
96156
96648
72898
69719
17600
47594
77671
54380
69465
75295
27110
92576
41209
52481
83795
97640
96337
82178
81357
91788
10693
80572
94302
78671
69135
29785
58915
659
91662
72431
32775
40165
31533
57212
35605
2063
48443
10616
15401
79420
79742
98317
12434
97392
6977
35270
17580
67821
82582
92727
8477
71085
71483
77
55701
14192
59737
13918
61387
21786
34329
40453
20590
3787
72331
17709
3045
39547
16665
93677
27985
37907
18965
18584
17888
64507
53744
72577
33721
76404
19222
4713
7296
68840
57885
2231
53556
78297
92271
2084
50278
9216
85023
62763
79436
13672
30481
80711
68590
73950
4751
220
226
95479
35421
14845
29421
34805
68598
87115
80395
88323
18585
68406
40981
68522
49316
70746
18834
25104
30874
61006
17551
74802
21107
25508
12686
6612
83282
27254
56205
83714
31653
84504
48288
7008
11335
52221
81902
91108
7975
22398
85959
22748
58603
7265
69491
16688
48733
19504
408
54872
30782
8928
30745
16473
38372
23052
35936
2792
6605
50608
71618
12615
73366
93823
82068
13328
56104
49439
4771
15647
84559
31234
91476
9003
92809
21502
46711
51925
47448
3543
6803
73162
76775
5145
89361
37963
36945
53245
28169
1665
33859
5230
80057
65192
75068
14549
83395
69463
1261
51627
28950
25932
581
32778
22314
40510
79415
52913
10447
18360
46989
82031
17055
3753
71777
37913
93910
12315
30381
92157
95088
39030
50639
8952
55915
8386
38587
28799
1845
50515
23203
8366
39950
1878
48023
676
95770
77313
51013
61088
27198
41532
54211
84771
84523
44833
54965
23760
8267
56039
26818
35218
26302
45065
69826
73342
54053
53248
68874
41864
92188
54820
64935
36583
60511
64050
67829
64322
30724
77610
9493
38459
56912
32538
45985
37809
1305
25704
33204
96904
17848
11756
71410
87979
73439
22738
49301
91192
70228
96044
44804
23655
8393
16195
57259
82358
88029
11100
16595
64097
45921
63810
15934
18078
80875
2085
90019
70504
84930
98989
46362
97259
95434
31147
30887
83470
62212
21609
18601
70831
90017
49442
64877
53431
91981
68312
84907
65948
59494
14078
14942
68430
89843
33965
50341
89170
31307
69189
69356
14304
88499
38979
11717
21891
89299
83814
13200
44761
31389
56817
36195
12136
59309
15431
93027
96240
1380
72755
76922
9440
51635
36802
47459
86308
49875
24063
9085
9025
15961
93126
13912
20867
13303
22930
10241
68313
42726
92120
38244
93865
18827
99228
21616
55678
44475
79016
9733
4374
83987
22425
52845
65497
49098
95511
57493
58174
50436
7516
81445
46471
98177
33903
70022
14689
21023
52189
72683
93205
65467
41768
79749
1198
32250
85920
96683
24185
38756
4379
43827
71362
47046
12513
21056
7032
73294
80743
20555
26431
49264
29685
4330
30979
2086
10401
29110
65592
16259
25832
27191
50424
65745
94599
96243
57271
58584
43759
10140
8673
31347
32184
23775
66051
70113
84557
1375
87354
29279
88847
91220
45020
95051
70346
94430
44978
55906
23917
15333
99847
45449
90195
62517
37735
68925
59917
70947
88620
88194
45173
62868
30982
79486
2600
15872
60957
61857
95590
32316
59647
89288
35033
87770
78308
63408
32154
19741
75840
63525
6601
77404
32340
7561
81725
24997
50685
60172
74911
54717
73356
99812
12791
95926
71465
55991
74369
54803
12442
83389
99793
44691
21214
51456
70467
60811
29435
80155
27129
8118
1749
5240
50743
97029
85518
97221
75215
19729
87709
1684
38582
98873
14274
42358
48863
31365
11191
72016
71800
67138
79135
62084
48163
77840
66534
68229
59284
4721
91782
57381
39304
37860
77365
32891
16346
69206
34336
97055
89779
73018
86990
62149
57372
21335
65013
79450
97743
80684
26394
47248
95619
43436
83703
80863
59129
6520
78798
72951
16894
75941
70034
15699
88296
98615
28154
14477
42433
90272
47901
82023
7154
6797
46978
4029
82600
97335
66765
46499
99687
54807
17736
30902
16508
27060
31974
3923
33669
80797
27392
64827
88510
84427
95746
77314
69030
72901
45608
59688
30040
32578
42313
64312
16719
88619
65967
60446
72879
54010
92405
9829
55613
18076
84466
19359
13975
37256
4369
80948
2303
13874
46351
67562
33460
77928
63018
96899
94085
26469
75609
24691
57202
99227
62082
98555
30187
9751
77708
47246
19420
5698
55649
86344
89083
79707
5913
62063
8495
92027
13896
46992
4370
99955
52163
53524
35144
99003
10947
61941
38787
89961
39676
95732
57614
90525
60715
59031
93106
59611
13387
15782
36450
79424
21219
60530
50595
90820
75037
5178
95412
16296
99058
12533
88004
22492
48160
98418
52759
20173
81899
59453
58056
84295
10633
53949
21262
35647
67133
41531
20553
10776
3655
16005
18685
33166
41827
26607
57065
76574
80939
96928
69235
67577
46506
53090
13606
35273
75240
97879
16257
54259
75868
4610
92969
69003
27504
43801
44426
14566
59529
8821
16418
95193
91947
88992
58751
45887
91399
9592
47788
45886
51669
57383
10652
39938
55774
92589
18396
11697
8948
40549
8428
3242
30937
85591
30889
3290
3996
46237
57491
54384
98556
50589
27258
42052
48481
3378
74841
3704
14062
69385
50017
68753
28531
59713
62631
66700
49631
15981
35088
96079
95879
89362
24968
23160
16786
43710
87339
37418
67713
71473
8913
81823
19010
18056
37165
63217
23077
8279
33073
98186
21764
32500
83579
43995
3906
94438
44695
11846
72810
17579
64294
72823
3739
34097
43003
57906
67088
27186
95765
25352
84749
93356
9928
55931
62745
7514
19878
91190
13015
19097
81797
6234
73969
68990
78793
78914
22976
4001
4010
79497
6895
87376
9567
92252
61726
12997
4109
14073
22564
80871
6826
50291
79812
29900
83130
30847
74361
50618
96459
34603
75373
74090
84164
45549
17099
13816
99200
83386
29926
12639
94636
4441
4456
8161
46500
5818
42234
76060
65000
57735
16773
56248
19096
76977
89284
66791
72666
40647
4741
34976
37494
77065
9337
9248
92156
32894
39737
24321
78160
23440
82507
95808
7171
75301
85914
33801
70357
21084
80703
88212
74383
87121
68586
64354
48035
23716
44550
27311
16089
42721
30834
40764
82148
46249
69522
48764
31707
7102
81885
32419
17734
94087
29301
42822
86275
32931
49320
60226
14456
99514
75481
46888
44845
36917
88436
42601
94334
63853
49808
68903
13419
41261
69603
57376
29302
61002
84253
84503
39600
9570
