39322
56579
68831
5038
89463
90874
44207
79887
69033
65588
9053
37364
15319
34115
79759
59075
68498
45531
47556
99379
58135
88121
22687
34404
76130
82666
43543
3351
27888
51898
70928
75824
81088
36880
30492
19708
99616
11692
38390
10124
35083
94795
4852
30563
47627
6639
45330
68201
14398
2205
62342
61933
35665
34147
81102
92044
97044
96404
28163
79020
26863
86495
25663
53549
21523
1795
43516
36443
61770
49034
30196
39372
49258
21660
28581
45474
75897
76960
25556
23019
38766
22444
20607
3562
43395
32146
2931
86869
17953
27806
90434
30660
70992
46458
69307
47059
64551
62122
77087
94059
86135
31514
95148
85819
70691
3377
20762
15068
2136
71161
58119
68104
69294
67871
88994
45890
61265
12286
33415
2047
46050
75913
29978
14659
21053
22862
70679
38337
17456
67474
60798
61244
99338
38169
34237
35365
34346
42935
42054
51800
61781
60332
75819
52679
98143
40250
73718
4681
58618
35472
28175
27246
90737
56542
94226
18014
28994
5844
42946
16560
74497
5678
48289
35518
81184
66628
74128
7614
4383
75546
57661
14473
49389
18315
15681
59141
86238
67813
9859
19450
79174
55889
2512
24427
55524
77076
95091
81479
52698
82696
53107
96758
64735
76423
35291
34356
20475
28947
26963
59480
51680
43114
66482
4110
2660
9491
53115
72166
71723
62980
13272
60819
35906
75695
85701
59081
29989
54284
3574
59818
33014
22872
99593
80998
53057
82900
72727
59433
39149
62452
23425
55044
81657
60637
93992
32245
44758
98242
85014
43430
93229
2918
20976
7534
27222
8752
27304
72419
11724
44334
11368
34971
99369
62828
89309
7267
71680
85836
99329
80775
29305
60290
94444
80323
19264
92148
70887
77222
26931
50988
76017
80492
46610
65984
73217
34697
18978
43972
60388
47716
81471
35275
87261
31569
79352
90918
26467
54944
6009
82681
89689
44954
12197
19877
6561
65873
88912
51845
23705
85938
74559
94118
16390
47625
93904
11407
97832
84758
59862
49247
68708
47779
9774
86315
69280
32116
94609
14719
26184
99477
60584
67135
26038
83425
44071
76411
5981
28231
45000
41492
99992
45973
66255
95150
21207
74627
60725
19714
50901
27252
56612
59285
98238
69346
19306
81666
54817
33924
59842
51952
75895
17378
69494
64190
41122
23424
98496
91560
36510
88998
61805
82469
88794
25479
79370
11659
41378
25764
9676
75564
29350
38613
79953
3903
30916
89882
45586
53117
79166
58587
72363
33437
25720
7106
89360
63520
89485
22131
45200
60519
41235
66669
99259
40411
4197
49858
17783
92694
56390
79273
4217
15899
30128
52996
72253
4262
89340
20246
76497
88941
42582
35040
33583
6779
19822
7691
76138
23556
78705
71949
36776
21433
77201
37728
48135
85814
26602
43700
40049
34957
74441
58140
21762
27905
89392
45197
59268
39700
65606
88968
97130
52405
30337
51435
50840
21261
38052
88952
21048
22132
99822
71338
90134
50914
38284
56083
63779
42497
56008
79598
76329
88613
45230
70383
59821
75042
90694
69828
54502
5062
77780
87048
14006
54506
41471
17590
51933
66954
51363
40135
69466
71204
77191
23681
28395
62029
93940
50961
29765
10971
14594
41666
12571
30945
6012
79433
97362
46317
67787
94400
