82055
8452
82843
14228
81382
77486
82157
85185
3611
55652
39977
4513
34131
48286
66383
4998
77633
82450
14031
99876
86887
76463
54411
62579
21799
50604
81095
2649
54748
81871
46459
75713
47343
25795
63937
52226
2709
43977
83656
61546
8002
65350
65755
36357
69717
19804
69275
66899
28983
73636
95946
12566
85110
83801
9755
68528
39392
15168
34077
89800
81624
24581
10061
10520
81972
50938
82955
60299
45180
85527
89371
33592
63000
73556
28791
38915
91018
42090
99783
35824
90162
69903
28152
71631
77298
86049
30647
20363
87834
91694
21275
20686
75727
23839
66721
92437
61381
64788
76258
18075
18536
51472
23795
3872
89603
39086
20683
21025
40894
18847
27399
42762
28050
91300
49211
61302
75463
32560
42810
21111
53707
91957
45113
66685
75771
24941
82334
94746
3904
89174
41363
3426
85464
29287
17404
39205
16292
81869
57204
60444
88711
94813
69954
64760
83258
67369
79567
32046
97624
14998
53533
6161
93457
75340
76498
3649
30926
17599
25179
7321
35014
26819
67328
83297
92755
68797
70616
72587
56627
73673
59358
55073
20290
93075
56357
76747
55999
81763
91845
3871
82074
36314
8073
76892
79679
96375
93569
49335
95177
59414
17004
53710
66992
61064
25572
44521
13478
44847
62392
33894
30684
32149
36937
63590
92563
97911
4187
81325
91663
90015
28159
95238
13302
76990
44520
28379
72000
73872
30949
76079
11175
47929
10974
96108
30668
19060
71144
41189
21777
4473
41507
56867
44636
67244
83103
9988
57102
6690
23190
81897
36281
30274
10404
63343
42173
55552
4724
57700
5674
70506
66308
40170
62510
6140
98445
93252
61868
10356
88023
8710
7732
91748
84201
82511
74186
66036
30106
42244
31594
72180
11607
62116
34155
26458
94028
83679
13280
15760
75093
57532
58076
12862
31739
27362
38887
74396
35820
49591
8937
54324
35568
15595
87763
59867
86961
85743
17169
51087
52760
43142
93322
87982
38008
7256
73830
67307
83134
48279
81901
80686
86447
36936
49911
36238
21406
79491
25061
84007
9179
60828
9571
11425
42406
24170
50387
25577
83191
78978
37792
73626
92554
87485
87927
61480
42290
75294
21655
26052
90426
49169
30063
51256
57867
32147
19244
62220
29677
47244
28391
49423
35226
15637
8329
70502
43903
39017
75435
54386
83760
30716
63855
65248
82650
14958
12911
51969
21482
8250
35396
54752
85898
11097
47783
39183
52291
48115
47028
68935
49109
17778
62423
82275
32288
8253
54465
30491
34098
55968
60074
96713
14481
59007
38558
45993
94369
98554
43111
79924
30436
41428
80768
62470
10876
43469
64015
19192
89516
14122
65716
71034
32290
75797
39829
86921
29258
44012
24971
55560
36558
41917
93280
90366
84947
80134
16858
91541
99377
65629
72423
77656
92650
29933
20070
29683
96003
66850
62553
75207
88197
5607
69899
24796
70410
40186
81709
41504
83648
2317
22840
72
74867
38063
85243
81296
8411
96248
60615
53939
6860
72043
55388
45582
85305
51096
96505
13711
80326
89925
93599
88109
90805
57976
73274
18183
93942
61614
15434
91179
96526
90804
32203
15524
49589
47961
72362
35035
82703
84537
34321
98054
1992
56913
75212
156
47773
54276
31645
172
82053
6297
16954
79134
98641
21567
37014
67736
78280
80598
13978
21886
83263
60301
5563
38857
11273
41038
81406
31186
3676
42451
86284
15689
64956
34332
69247
18833
25997
15146
64431
80499
4079
40757
40921
18545
6382
4945
63311
55294
264
49807
35859
93781
52237
60077
7894
52865
61369
280
17930
285
63385
38048
17627
72836
58357
58850
93655
17751
3206
96969
28573
53761
58003
47736
70641
41337
41070
90392
79625
51573
56146
87425
69714
21323
57463
2839
83471
55041
51984
53052
60602
1105
61570
18067
15140
66012
73651
19301
40333
60047
19077
50126
39689
87897
83018
71427
43927
18431
12774
40887
33621
16660
5573
19626
57772
27476
16183
3269
31252
744
54686
70699
428
29241
86627
27032
11099
25292
42699
75967
75858
9141
89435
31637
17536
12157
47858
61677
26151
11292
44458
15552
69099
79689
32398
73427
51736
66839
26836
14363
20512
24422
1955
41459
86584
29021
9497
70938
4596
8054
50815
96214
72775
66814
23343
86076
7830
27503
97405
92950
99694
49330
12230
39886
57861
88564
60369
74170
13649
6629
8166
87430
69023
33314
2433
95308
59776
97700
17478
94401
13080
82211
83124
33353
4816
28660
65263
9631
58153
48463
34004
6855
88005
94771
57866
20218
86854
84709
20965
40551
75764
54068
67114
81265
41668
73100
48345
99539
59427
10622
3207
91941
32140
61987
92929
10326
51999
58532
11564
94092
16957
89848
85196
53422
41126
9526
39529
14035
84152
41460
49615
18168
663
33238
56121
99538
41159
19383
19803
74504
83112
6419
2160
75745
53466
53726
27330
89229
17645
69969
29623
75069
52882
56950
2621
52450
73449
62786
63445
66541
32704
91575
20457
49576
94833
86385
94992
31095
47063
71862
15610
38674
89840
47065
46425
10423
61840
45365
80084
4642
74737
67481
32298
31240
62736
2601
60014
21212
65210
75600
67532
98742
5298
14281
5868
13224
3280
46223
78865
92227
88050
78081
18080
1072
87917
35418
44460
63226
79516
17360
63653
98541
20546
25421
49228
97981
92013
33049
97932
880
23918
72763
49136
2925
94111
33917
69624
8339
77805
35985
52245
2324
51440
30885
76770
30476
77456
4427
4673
80194
89071
13852
33938
84954
99226
10344
17044
54352
44865
24804
41114
62796
65778
54416
76434
90325
41578
23349
43476
50071
41452
988
78300
33931
77635
80845
88529
21458
30368
77536
41988
5226
10465
44457
66863
37142
97955
19982
70323
1522
30897
65947
62872
64056
13338
14441
79044
60571
88828
17163
42104
28148
99416
69858
40487
10403
91392
22605
1097
62487
66364
83172
40693
72743
10874
80987
1109
18370
95798
22185
77039
76433
52251
54075
12509
93783
1734
54134
87829
67799
56518
74172
9810
71251
83473
30544
53420
1616
45848
52880
5415
46194
93985
9072
98878
50238
48359
49693
34643
7051
25757
75660
20100
1738
63009
45087
78371
39774
1715
97252
28528
80080
35237
3423
4953
43955
69257
74879
68429
27862
9882
55595
66793
48852
77534
66554
36714
15958
20910
54900
58645
30868
33777
39264
97703
60647
8572
29221
52696
30549
40101
65590
10263
92371
50632
64111
36905
82281
97729
9654
82970
69184
3559
93374
8675
52293
39414
51624
53441
18238
