7261
21898
25951
64663
82924
40643
81740
54835
40584
74906
42196
29994
49537
95297
6732
82013
30083
10476
55182
34
58447
12140
48374
57983
28869
5795
3791
30166
25185
46
38076
73030
75575
89088
87568
16901
20440
59126
26852
28179
50042
20616
4720
70572
64979
70583
62033
35779
75203
88554
30981
95942
66471
22745
10398
36629
31409
96305
89403
30379
61484
2275
21892
5445
55412
89897
79500
57944
58361
63377
49941
48274
31652
24031
43373
65808
23207
90731
323
34690
86118
46545
61413
54421
34632
80599
83683
51480
74553
44185
39747
56605
70688
12821
65864
14081
95675
99777
57572
96704
2631
80929
55101
57328
25885
86053
42857
62809
38644
73952
40901
97328
16314
29874
63556
92758
74948
25481
71508
21367
293
84381
18759
43222
38319
80092
9589
7089
95704
8400
57116
4141
83091
94054
62721
78721
45873
98511
4298
65542
19554
43840
8010
347
41632
349
73155
74178
96680
2811
9675
12082
74325
59515
373
15089
68963
74459
16965
99577
392
73581
11803
92388
405
85532
47727
84331
44911
85755
423
53808
7898
79959
41779
51966
4238
90440
69846
48805
32708
39018
19814
41952
62645
36853
18421
45111
478
47668
25874
32263
59288
24147
78665
35057
95102
59682
497
69591
89588
5713
56116
37879
44723
90255
57172
76188
31513
56791
3981
56031
95778
22405
65639
89507
54707
10919
72486
13325
52141
74333
38640
969
46102
89457
82267
47219
18508
74150
59501
46062
37771
39060
22476
40207
44930
77649
58151
9336
93428
89826
76396
45719
78203
32747
43877
2176
99068
26177
27921
71327
31502
10339
27856
72517
87007
88458
98182
10357
54766
12435
44466
63741
6340
52195
13017
74772
77140
84540
60522
34173
80521
80058
19289
18504
48961
43823
2058
72441
10889
48421
51475
35927
21067
52765
90900
51199
710
93147
83042
715
55844
39588
10557
63145
94720
9827
90082
53410
58630
87652
15965
51727
62525
49882
759
3334
90776
92142
39865
48708
65078
37483
33022
72551
3411
94655
18218
14817
29637
73315
95143
71500
83954
71365
99101
20856
99647
9460
62221
33418
32411
60390
19361
88236
85614
9815
28515
90044
14853
32468
55291
25113
37796
78545
27160
71329
21586
99773
85029
86414
39727
62574
93925
23436
10201
62578
99482
9987
69716
98227
76668
80919
48913
52317
99269
56252
37055
3408
16322
66148
52392
17249
41967
29606
71958
6707
50993
9629
55997
4620
37025
74049
26018
16807
1082
30231
18420
66037
65359
90812
59265
44024
66809
2862
69324
69695
90671
31526
78173
981
71795
37498
65863
7589
81613
31305
4017
57385
89508
57665
47834
53776
13954
21578
33821
73493
2365
86455
49032
87236
72092
46927
75377
56842
66830
63746
79296
77587
33218
24019
2614
3453
41262
60131
95404
24898
90077
58695
92965
44086
97489
21593
5318
95562
25140
65946
48610
92114
55838
85651
24949
62274
21236
68439
26503
97128
1140
37295
38811
25748
33150
17283
82688
93633
85355
86591
98946
81447
80623
40726
78889
82591
41924
78766
57133
65329
63651
64145
54374
7578
70500
97131
63235
63383
58157
45175
1197
12498
74623
95538
52669
68822
76105
69480
32773
36209
4302
20164
