22164
24385
18313
7627
93184
67774
75926
51982
30170
53836
74422
9255
22712
32087
82834
81931
98847
32826
79512
3985
5958
13355
12749
64510
15075
18269
34277
66769
76008
40572
47237
64442
73940
26139
96655
15384
17379
6426
80002
10129
24008
88051
83330
16415
42556
54768
17308
80119
57230
26909
75229
85124
31115
87129
86393
58099
75935
50415
76194
62188
13409
86834
24936
87978
55943
73397
87497
85550
60505
69152
83649
99452
79348
86810
37630
39143
36288
55619
70359
41084
42095
61561
87110
46397
18793
88279
83835
8451
4667
54853
26698
94474
13306
56938
66645
9586
8791
30769
46731
12964
79315
86148
99169
14796
17129
92788
75331
4853
11652
65171
87300
34497
70867
17760
81914
88174
84723
55086
77591
24358
36404
51155
21862
16788
86574
91886
95096
92100
14666
42411
94954
88487
25809
71861
44692
58262
79373
43853
8208
86166
48625
34324
41630
50167
88093
23113
22242
13412
71544
26051
67329
34177
16487
20662
23753
26049
88893
95635
18819
83327
87320
36153
61247
56764
25970
57013
16340
12583
24642
64673
37875
32684
91475
98559
41338
66005
64790
55253
59880
70987
30087
43687
15798
25273
72821
90553
97464
25099
69376
18264
19184
65551
51527
6002
79532
34760
59704
20327
51314
6183
50591
46529
63357
26251
8315
78701
89637
70526
83634
37925
75846
40193
6451
42593
54308
88365
64344
52894
98168
27045
78155
36091
69143
70452
18363
27795
45274
34664
62462
76611
40124
92161
41970
87812
30157
74397
78413
18499
94532
16423
26174
24117
30291
37905
18165
63686
97871
85345
20629
63699
16067
63334
7532
58614
28053
48515
81587
60342
51682
11990
58372
82947
63074
71256
62855
26220
74292
57195
19677
36454
51709
25456
7944
29117
90178
65547
8083
96780
25785
80038
64034
35260
19550
46052
14933
61213
70628
22982
59546
51610
85596
38885
89183
68425
73003
60186
94962
8958
15477
51896
9191
30490
37282
19692
17062
95548
82644
47481
10065
84564
18394
15372
90302
56821
97905
94361
53586
36867
20051
58971
31789
45233
81594
71758
13063
13936
40309
88054
76923
47228
47405
40171
72911
26050
19646
13404
17117
16474
77950
57081
90766
68284
26144
71316
19744
79382
61687
31529
73041
96390
45085
9112
55872
43684
65483
99845
80992
89318
6695
24649
79123
45451
85528
39984
30164
67112
46956
17515
48752
4931
88921
72841
76366
84278
52748
94840
14868
65393
28346
75050
61
46895
5664
71
43131
73064
50668
49740
2139
66794
44805
87835
4796
27791
77011
16636
9326
79810
35448
71005
33032
72428
15623
30172
96212
46514
44628
90543
916
32404
5206
23852
65831
95656
87375
129
4361
87458
4091
39232
61995
10299
67746
4535
44632
92052
45422
69393
66970
95165
60678
18784
94072
11746
46774
96447
25837
69673
84937
86653
42732
37267
98340
57262
26161
56885
76091
24339
31314
39835
91923
10365
56872
86912
22078
88746
97206
97086
37309
13330
56593
97494
75810
83064
38947
26627
89606
22852
6645
41570
6132
52249
56562
8412
65305
90583
51608
6935
52624
81754
65333
79880
68416
39345
73799
91200
21299
40479
93313
20839
269
13605
74019
50373
14395
27105
65230
67383
84130
81956
