92164
51341
45341
12856
27471
93702
84261
92744
90763
45457
1840
56148
5269
19569
83481
71228
72869
84962
80785
26170
57796
86070
8222
19796
85926
57773
92201
24690
33457
99868
77291
50885
94890
70920
88160
83394
92526
95247
67704
53561
23130
38384
93459
20141
49309
18832
33293
85824
84069
88873
92991
30290
29172
4096
26009
14977
38720
27772
68788
31457
22998
80485
57918
64463
55654
8924
87689
5412
91246
33235
18881
95592
70399
47271
19510
4367
86646
48878
25547
5306
44877
2019
86847
1073
1618
22178
81769
37991
33920
30796
77662
79339
61888
89601
51338
1114
53228
15531
55563
35678
13981
71421
9386
30711
37625
56813
73382
47848
1171
66145
48542
80070
2020
81633
13315
53221
3223
87058
78281
7363
1206
13393
59307
72066
58782
15947
1475
48594
9790
92248
93779
77218
61847
75016
32883
65843
42460
16811
75443
21743
47720
98280
2116
30010
32848
58420
12353
44492
75338
58289
73345
54430
9223
22108
10794
43146
94063
54979
48311
11055
11221
82376
51408
88316
52583
86062
61161
67262
57714
99153
34391
17159
54741
85022
25734
52126
55216
62161
65852
36033
43348
55870
1421
1425
28357
8771
23979
52231
7066
23835
1455
1460
7382
11133
26886
3028
24014
45186
1471
28035
87103
20917
24889
10488
49274
2392
16026
1819
51405
57050
86502
80232
71259
7908
62853
54125
16347
91099
59365
39683
5825
67566
1554
98244
57310
57203
2778
55799
1566
2998
99015
46060
19092
76046
50110
72332
19146
19862
27965
61979
60485
64428
92191
21715
52688
80682
51313
47935
20151
81272
81303
71546
36806
21213
13003
78611
14448
10066
6066
99412
75425
27096
44567
74467
69271
73124
2846
59851
14404
62481
8558
57488
97881
61165
33357
33241
40382
22316
78601
99635
47148
8811
99449
21908
22247
2405
89082
80881
32484
84671
32822
25834
34536
36466
61846
8281
57650
80352
65159
78102
40097
77574
45058
67187
39270
35731
52911
72978
83667
70125
19099
33870
76558
53429
41831
51607
66675
97843
27137
17147
42884
24283
52178
20940
88963
66486
7574
92628
37076
79007
80841
9229
30257
54099
64687
97322
38996
78486
96516
95287
43122
10166
1907
36860
22516
86984
94906
47954
17766
86338
66190
49979
55805
81364
35051
96010
63860
63830
61362
17784
73596
57292
53234
93200
40406
20062
73000
84867
14445
53312
75917
35701
23035
91228
34757
8130
2042
23903
83143
53099
61311
42402
10837
2073
88355
93681
3773
90361
49005
16238
90268
39879
92429
18694
84437
25422
82850
34318
74014
52287
74564
83027
66305
39073
30677
22387
45741
81371
2164
91156
33748
17661
49431
95118
94388
4587
10142
7210
52794
97835
71736
50270
50928
10508
59596
45837
24126
12165
97968
87310
21167
5748
53907
31413
36909
90594
50312
8591
50603
6780
67259
22751
46202
87178
87268
32672
37250
57550
7697
57890
94828
7994
29101
83234
15491
68570
49220
63389
82917
70237
36698
21083
72228
40883
36614
29391
51183
72127
69458
12385
95501
33091
70544
52719
62250
51849
98734
85116
63058
2492
86025
79737
61992
44351
27140
15669
10787
83155
62179
41545
38999
71932
65918
60790
45061
73289
89830
32941
84472
22252
