16820
3079
4543
70329
88679
41134
69983
17816
58217
36165
28436
12825
23045
11202
76532
88859
99982
5727
87269
49669
57849
73688
83994
96630
46125
43513
99662
41394
1854
81829
35626
6063
20819
1920
15258
99393
22024
80619
18176
94814
83414
1969
70160
81244
56585
34189
24947
43647
39081
48237
49774
52300
96916
13220
62979
73435
73063
26453
33543
2250
16341
74876
58536
3533
27234
28864
15537
89716
81470
17582
25651
58486
69402
30122
58492
7816
92816
5321
24233
40234
41723
25351
23823
3014
87785
59927
77868
51428
71657
92740
35468
63665
32197
91266
70490
66845
4493
58859
47612
66388
4986
50621
31991
22739
47021
23719
97141
52859
61455
79440
98980
28722
3144
2670
98420
6254
3036
62348
79553
20882
40229
99572
79113
66623
52586
87732
13135
11832
41210
94622
6610
48376
63369
92675
19925
64140
34482
58325
31221
2991
72482
3035
22529
8227
77796
60322
26753
39574
86145
98598
57798
4866
57854
65904
32972
20304
20769
80417
86131
50096
42347
50594
72521
4679
17459
61760
27175
99483
50041
16642
36572
94665
89717
12110
98907
3836
75019
42560
61808
32811
58089
3594
90479
79664
85891
18332
34144
66009
92903
3690
61404
3719
3721
61301
71728
3748
45356
66699
86010
8444
65760
50857
41659
70463
9345
66060
25549
53080
44667
60687
42978
29671
17416
63514
54238
96265
53303
19167
22160
69037
15049
99375
27521
72088
13447
80275
74241
75739
85713
24342
32449
84661
23800
26172
23132
99354
25418
16247
67502
20719
30174
4895
4821
80025
43257
11595
63013
51568
46917
60260
40348
33703
37296
18882
18262
60983
9206
53450
38600
74374
55046
75319
59784
22808
48012
19418
5800
94659
86163
96949
61729
5965
82120
74965
62676
11566
78820
77595
35385
26199
94791
66462
19697
59024
69615
92082
24090
99979
82774
31797
50018
80702
73214
7058
12384
50412
39122
70684
57215
23869
49392
55047
39423
86655
87948
50136
28435
8189
96458
22188
44581
61931
17390
36316
48521
75929
13400
37819
36199
52972
92635
40679
59373
77884
45575
67700
4168
43238
53454
31361
92609
67181
83544
67319
17059
91776
41116
14431
60559
58912
45028
15572
76921
2215
23368
52468
13512
72320
88745
82
26515
40010
30713
70425
47697
66198
77323
62519
2726
73818
12938
121
5360
96435
33273
18041
65198
45461
33420
42222
44810
41599
47282
4488
17399
36126
31224
23685
43603
13871
76059
83627
33124
98733
33039
91792
200
86109
23714
68660
18791
29863
9119
76531
52906
32875
64758
47939
54011
49197
78275
36453
80708
82123
35840
66133
33185
71983
12404
63724
75761
44972
50937
38141
87959
9194
27997
25419
1942
22888
64128
21869
43739
99742
6816
83806
12074
78271
87431
28540
59162
484
2057
57290
85670
30416
354
98435
88949
12282
29230
60672
51418
33770
1714
23387
48457
52856
25430
95938
14467
38068
2875
68314
59706
67192
43740
53205
14513
38256
47403
88508
51353
49663
41018
94896
64800
2994
49781
8539
28820
2180
77867
26782
65026
24842
99521
94594
45355
56459
94953
62552
53540
60491
528
2675
82273
25128
14755
64291
34000
12619
72105
33849
23893
36993
32466
33508
99797
21134
75114
50120
69573
612
65453
31839
57341
58463
98882
26712
23825
82422
91593
47496
52634
15045
78151
94211
87776
16127
56250
88543
70769
17192
99084
6345
94985
81029
32462
70390
23735
27761
91559
92393
5648
9120
20797
41192
97500
47294
50754
8531
33960
48776
51686
79546
28753
36587
11519
82241
80738
4023
3297
91540
23784
99960
1654
57177
97203
76508
86891
32410
38112
40384
63330
63986
98440
47702
81223
1589
62873
79571
77120
92904
72580
15700
6549
55831
13059
48786
43269
23287
21009
44511
2488
38188
26424
22427
96207
11449
44801
64904
60561
55198
75130
87886
12272
43468
64930
79425
98343
39699
2544
52426
46533
44789
6209
4280
33057
89676
63819
59074
75654
18011
56095
43719
99714
92070
1680
42829
38531
40982
76214
49716
43251
52534
6017
85337
86151
41317
71913
41020
44220
96223
17894
72238
96222
44247
51470
32878
72249
3002
29975
44402
1340
73190
98945
49564
58445
38543
99146
8039
66729
47479
43768
92723
43660
64900
75775
1401
52591
98700
91534
68017
83569
11795
83767
90421
85212
66659
76166
51586
48138
73038
25618
85659
27180
19676
61082
4505
97523
95911
10734
48910
46015
72532
20854
52217
36427
62014
65034
69106
26284
2458
1609
68983
13873
24474
82612
99892
81781
50172
56021
75454
30586
1650
55330
86219
3155
11816
39252
5988
8721
62706
38838
2024
28990
89121
9467
10086
44092
82754
74696
85079
9902
1725
33062
29788
50586
77369
66180
11408
16437
40717
42434
73894
26654
22685
6576
36239
57871
85753
42278
84817
49206
5787
91121
65196
3935
57014
17209
22910
16611
97171
35730
25243
12635
81565
5027
70059
6026
29839
41199
67044
40470
22541
89105
48721
76308
77223
91998
86012
57238
51512
43800
52272
53278
80852
77882
62473
22921
65966
34797
57971
83334
74744
9036
76981
26731
65243
67656
38067
88903
42808
76546
76744
35767
95831
3464
67156
89349
20618
36061
34676
7935
13188
3262
21228
17963
31189
43595
82340
51931
48472
42017
97480
91071
73805
2045
99129
82951
87607
4919
78910
17799
34530
95576
46820
88571
2762
15646
81451
84173
81700
99133
9664
72243
87529
17068
27000
18266
77707
19249
35630
13773
89794
77372
36481
50745
2143
52088
50380
48004
71532
37476
31745
13713
68299
50785
27212
73488
11785
12297
12201
71400
2188
20294
74433
22618
86158
48709
26016
15876
64808
53908
65420
81582
95913
20802
90978
65150
67399
7429
17219
64172
33609
21154
8272
37772
14043
74081
84461
93096
46241
2291
22679
78735
69224
65240
14375
40589
43577
40750
62984
93830
22965
13830
7499
99105
80135
12441
42491
95871
20615
54779
67052
31468
60931
28447
65693
53413
22936
29292
91171
64155
93435
87525
87626
28969
41845
45605
71452
81141
42987
77168
87154
3250
51973
35592
64074
20690
37299
13217
27027
44634
93199
83448
44078
68254
33906
84199
7795
6699
97746
43588
92545
52174
13282
37599
25453
11007
48778
83963
92574
9308
9939
50213
31927
36121
7916
79449
8797
23507
64368
11392
95059
28880
48098
73137
53174
82102
33845
40884
95693
4095
4732
3255
5161
83195
91145
15408
25766
55890
37238
26309
96745
52318
64989
66031
44817
