98549
66234
18775
39468
17378
31772
41122
61518
38710
67461
34185
24827
74040
32036
82469
41934
67000
3806
15246
87635
9676
66907
29350
31230
38613
89882
45586
42902
13053
80388
18107
26103
98358
4031
74160
64510
88207
18281
80361
41235
62428
17379
66669
8388
40411
49858
17858
4217
50241
26230
76900
30128
84063
44520
89340
4281
47837
57592
24036
76138
70566
99278
71949
43932
71144
4455
35719
75951
40049
91276
39213
58140
61561
45197
88968
52405
42173
12964
94048
63779
40790
90615
86635
93056
7732
16788
54506
17590
51933
91991
23681
74630
36419
5204
20239
25376
8180
39236
22718
34324
10971
5314
97362
16487
85953
37929
27690
25031
29241
71622
61247
18807
37766
87982
7644
31904
42999
98559
87062
78427
17362
43687
68651
87480
40658
40267
31370
35000
75920
13745
20327
52100
16137
74861
77151
20244
19244
83054
33797
92316
69052
45844
75450
49664
38426
13164
19375
59533
71010
28117
10779
67366
98097
21946
28301
39017
87601
18370
15790
22944
61680
51695
24710
10622
89734
74902
10418
47201
43012
51375
87213
77510
55905
18717
60519
8164
37518
8296
90714
17452
53376
59546
54459
82016
85149
17370
74766
72391
44163
67102
38558
47068
13690
53370
33885
10309
71587
65126
70431
66925
19773
26467
61999
72969
94361
81585
21204
70210
83699
22656
65960
94670
18304
19582
23300
13900
90102
28976
69895
49523
71316
85776
42569
88404
99845
72964
45451
37520
85528
24885
10696
5384
54394
44261
6732
36027
11663
30083
98963
32577
63566
49463
6987
5795
3791
36372
45253
19159
48575
84172
64236
28346
81085
68
28179
17181
44283
45519
76921
53183
74867
20616
75028
1727
86098
10395
51543
62033
73913
91643
32484
6429
88059
10055
39504
73148
61636
107
99492
108
10398
5206
23852
54898
5445
56461
28954
79500
83821
72061
66030
72324
46256
58945
79107
99745
65808
25837
17298
70828
96787
71620
74703
86118
86653
37267
46545
92814
7087
94139
69889
61413
36625
84470
2625
6297
36650
74553
80272
39724
12486
42471
38857
94467
86417
12821
75621
38947
26627
96110
219
31687
49713
84421
64956
67174
4909
20958
38816
21270
53770
8412
57572
92670
26787
92290
26127
57388
14068
76716
2099
61058
17721
249
95239
98396
62753
41686
88589
12784
78988
7716
52445
17750
96691
57702
61322
92776
293
84381
48029
3768
70382
9589
81840
61149
36557
16008
51288
93382
4141
48100
69552
33866
29139
9695
14297
41070
48506
98511
97553
7034
37376
65572
88934
51533
577
84746
58219
76715
97271
73155
21323
4599
70493
2313
91950
364
94907
9675
6764
75393
373
58991
16685
39763
23517
35431
13996
55568
41318
73581
53128
63043
12774
29932
26617
68489
2183
75877
39316
87206
3110
78799
50497
14513
73880
16205
67508
14351
58820
83594
90244
5835
42283
22091
16353
39018
3115
87643
88944
98211
62905
79689
62645
84084
62037
20704
28820
93219
45111
47668
45385
2639
74377
44104
42764
25781
80661
33117
23343
90867
24912
497
31132
38734
39921
31244
90255
76188
45224
72148
83110
48725
90470
536
8649
6629
23364
59535
82143
55822
95586
1363
18259
74379
25345
30031
72486
92262
74333
41792
43218
49477
85253
15284
73670
86854
624
46062
96791
82544
36804
9336
93428
62150
73100
84118
55360
52930
63563
83292
46304
71327
31053
2134
63981
41785
62549
27128
88458
24305
98182
14055
50166
33238
99559
47791
52195
92707
673
74772
84639
44081
86527
80058
27644
94269
77932
72441
31525
82107
90612
51475
1376
93147
40184
85443
62786
24246
70797
44659
94720
51956
71553
72138
92301
87652
39247
98308
76956
98589
6078
46128
56260
32906
3334
48708
67438
14221
25396
64496
64505
89256
60370
31981
18218
30333
38659
94181
45513
29637
31000
71500
9736
73188
42186
18683
99647
79756
33418
13628
51341
67992
27471
67801
93702
52406
84261
44460
71770
48124
847
37796
89672
58901
27160
83841
81937
80785
52743
69770
57796
99773
85029
86070
19610
21713
93925
98608
42426
19796
58573
51155
92201
24690
25798
33457
94890
73073
12833
83394
3408
29903
5299
66148
96925
17249
35446
14462
80828
18696
22089
38384
4673
24422
7946
26018
48526
943
48788
55765
10650
85824
34726
82712
29172
69324
17296
23349
3740
37498
7589
14977
21759
31305
43212
85426
90032
57385
82518
5412
91246
17789
71967
32488
58025
84792
26749
95592
10278
83492
50932
46927
75377
92493
75751
25547
46793
24789
44877
2019
86847
93812
41262
24898
22178
81769
40487
1711
91392
66438
33920
44392
77662
47152
5318
50817
61888
95874
79364
57729
51338
53228
85651
15531
84443
55563
35678
4305
89544
26503
59553
44145
37295
9386
40015
90111
62947
57410
67036
56529
37625
14204
39024
98946
92264
69040
10617
87351
56095
48262
70140
63651
49803
7578
19866
59428
80867
63235
58157
52289
39131
52105
13677
76105
29042
36209
59743
4302
13697
7535
15947
65064
40278
7477
85766
72265
92248
93779
1804
75016
68136
68429
51483
98280
71752
2116
66864
54490
28192
36999
85613
1271
91926
82010
83962
32848
98151
44492
83811
87373
33777
58289
73345
98780
1299
43356
56323
17728
29064
87723
21498
94063
65444
71744
44402
65002
54276
92886
35163
66454
52514
88316
67333
15120
1355
61161
67262
29692
57714
10630
82625
24106
19493
85022
72075
76837
65852
47015
64900
56350
9996
43348
78780
93813
28357
8771
15440
56184
21980
72137
84678
81595
46207
9284
92861
66697
27354
93825
7382
24457
45186
41954
25068
82910
82904
13144
45558
13146
57894
20917
24889
92312
32981
1819
81433
80659
86502
28148
71781
86082
39691
33084
54125
84011
38022
16347
65588
59365
17291
39683
65874
50451
92504
75311
46940
1561
98244
89291
57203
85141
95847
55799
84844
37222
3667
32021
36176
91211
54905
38777
93687
62638
51855
44794
76130
48679
27965
61979
11584
67023
8453
86393
80682
83293
75824
31441
18461
81272
71546
47321
13003
82769
10066
11692
94795
16749
38908
30563
12727
3322
70109
69271
44753
2205
1682
57488
97881
79201
67478
33241
50258
40289
52561
40382
32506
89535
22316
76042
61796
9680
14934
76933
47148
8811
46009
21908
96404
17447
70073
38862
43308
22247
96692
39801
80881
59919
49996
79020
45615
90221
13186
91459
61846
19782
73053
48714
91121
39704
57014
85230
12289
68692
33624
44102
30805
70125
4779
27137
