42127
95223
97017
1714
83819
98344
57008
53945
20903
22835
71017
22497
87964
28376
85207
57569
22504
22168
81538
93714
15834
23572
46756
76468
86397
42454
78848
20763
31363
2666
67085
74041
76711
14711
49082
57845
57226
48582
31611
42663
98505
9376
76707
77557
96550
58521
45481
67583
83515
67624
67901
12115
87898
72221
70600
88681
48726
10978
11700
43362
83359
71132
54434
89513
14755
94419
44349
17715
82474
33034
40667
97347
83211
56625
35819
2627
72293
94230
82244
48569
74574
84418
76603
74132
54850
97148
65799
2955
622
7771
63571
628
39291
97880
1152
34114
17039
26921
2127
7681
40775
51130
33788
94578
53059
3681
36391
31880
76992
50955
23673
93883
24722
56580
30287
43536
64289
92174
23760
34313
23968
21459
64025
30011
82242
6990
84682
94626
63761
99364
21973
29845
84548
35096
757
85607
59507
77728
7730
2842
49842
50887
27882
45037
57377
25724
22738
4844
826
72920
21806
40620
88064
65768
97894
22683
15903
36093
98989
61459
67603
869
41538
86391
63634
83470
28822
41892
74268
41490
68846
97895
68152
19367
35985
61158
80567
53690
48636
98440
55248
21782
8438
56939
69581
65412
77725
45079
5548
66879
79360
78812
64335
31336
3781
47934
21196
96349
46689
11449
82470
74647
68967
70472
4288
35131
7928
92887
97176
16150
21511
29237
55823
69957
22473
38131
38293
43213
21342
70604
18484
9538
67003
83987
90250
60042
6957
68997
8430
81744
76974
96837
36757
82197
67872
55106
52853
45932
1174
21250
80584
31495
79050
55575
16007
12426
67161
91832
44168
28588
21418
18975
42918
26339
99611
49137
13724
14422
62774
20734
96150
96405
28690
48507
34815
45658
73034
72778
84363
23069
98011
41761
58355
52257
95361
41266
54037
69505
99902
56267
11484
95033
3744
25981
16192
86062
75972
99678
41247
5107
95242
62545
94373
16413
99263
63946
67715
72009
57083
49326
15370
6287
37811
48548
5952
65234
28503
73808
34974
47520
87748
24763
70804
89947
1895
59300
7529
89040
82299
67696
22824
50908
8053
72688
68519
95934
67099
84404
71149
20663
81662
81083
88129
72543
65037
22650
20782
96449
3450
95278
50344
20024
74748
60473
59006
69432
86779
16146
51139
70329
37199
48937
69455
4287
27986
53041
50172
30586
28122
79146
74546
67652
92117
58217
28759
94979
36975
90784
19710
33062
79135
57038
65392
2823
43390
80033
89282
64241
76282
41150
3403
16994
28717
36242
26215
13506
19793
38300
35675
57849
69167
83653
97369
12657
1822
50832
31440
32457
41394
1854
4646
52178
51143
51512
35626
20819
76089
74843
39410
22574
74744
26791
80619
41110
85394
38344
32586
3604
58790
84950
7154
98967
24947
39715
40828
29698
34384
39081
49542
28945
60081
92039
88020
65943
5705
73435
78910
58742
61557
9512
7555
74876
34718
10603
71128
7624
9231
43744
96190
6296
59898
24855
60463
81470
43848
71400
39787
20294
96783
74433
10992
76319
89899
30683
67399
99335
51532
53481
64172
21154
14860
37256
46241
22679
3014
2328
38462
62548
51474
18557
54779
15560
76643
75971
11402
40883
24131
60510
53413
29292
18188
32726
45579
69563
92740
76390
64040
69200
41764
34162
45345
63665
50069
35241
67786
32197
79600
13217
43036
14257
27027
2496
31801
55571
10641
31335
66845
96583
87377
16034
45460
28855
79337
22739
99775
47021
53627
23833
6852
68528
26036
2670
43411
37238
37608
44817
15451
75826
68318
98915
7765
79553
51011
20882
80218
99572
34929
82567
52586
95599
36589
81183
23626
89800
31203
61056
93338
92348
23518
92391
71798
88683
53472
64778
91018
65332
32311
88403
33861
69903
2991
2995
89330
20363
37403
22529
97329
67764
8227
32585
62936
37687
70534
68196
81748
94982
21957
69517
8845
61275
14161
57854
35991
81615
29150
3221
9169
52841
36095
95686
14796
79131
65349
18599
42407
22857
17459
24941
78032
61760
45523
10953
99483
75524
62631
18185
11073
56534
35088
55893
16642
77315
92479
48826
88067
8015
97237
98907
61808
97701
24355
92772
35543
65513
53175
99716
90720
79806
89186
58815
73241
73032
61767
9168
28398
55477
45470
19583
20311
14423
43372
85992
61404
13508
3739
10812
78572
74533
66699
48647
47528
22567
65760
50857
56357
17228
85186
47555
86021
27424
89316
33158
22220
28008
76722
96548
55373
41302
90458
11921
58566
63743
52746
60789
37045
72437
74029
47532
50141
4080
29972
81970
16004
44847
80871
96265
81953
90125
11706
9401
47714
78866
41238
25439
23552
99838
75739
73211
42613
85713
42818
39159
70242
22559
10553
25139
53516
67493
38030
95916
84744
54435
82889
83758
6684
21762
36281
8701
93669
4670
79245
4715
78450
36594
46581
66308
91822
51108
30041
6619
23440
25599
40732
49677
43576
61755
28237
89593
6927
63013
39295
19749
33857
10356
49086
63766
82297
50911
28928
97475
91012
34538
5201
10402
83668
35712
51447
58076
61283
42293
80928
59304
85432
14146
26747
11691
10576
12002
44273
21647
46625
11790
17169
64581
14311
74259
69522
59784
16480
19905
95215
16713
40126
30204
56815
98490
18906
20522
96001
46244
71970
18538
10836
10199
63035
46680
85397
6195
99459
87513
38248
6310
41557
91709
70159
59024
31882
62586
17184
56910
34898
43838
37893
74779
8329
16343
64062
16100
50018
80350
96475
68887
74006
42051
36133
60453
24128
29243
83581
39423
26603
8420
86655
32593
38523
22790
94321
89759
89885
51912
49099
30732
18529
25413
48558
80309
25478
72737
73707
9446
76950
68786
55984
38588
91168
15575
90766
99639
32290
99717
49583
36558
43865
93231
94617
59373
63808
80134
37058
18161
82336
55715
31361
82013
48752
57446
13614
12140
84983
79762
5092
25635
96003
75207
80105
5607
19109
67319
93297
28649
24384
60
58421
57224
35639
57336
21192
29536
1136
42486
45049
81914
83977
72043
12591
23588
82271
77572
21322
62519
24135
43194
44607
78757
111
34260
72234
76113
35204
8299
43407
94877
62633
25666
33273
18041
7181
38041
40053
45461
1389
67807
69585
45977
77094
32750
82703
41643
64269
20832
57692
15803
156
57329
60468
23850
14147
94631
31379
13398
73547
7143
47185
92217
31625
38481
86758
62442
69089
96602
84283
196
13243
98185
6061
45917
27897
63268
3676
30875
62892
29352
54151
65398
214
90029
18833
95572
87573
80398
240
242
49833
37696
29267
3433
76531
53019
6972
67059
