95331
42789
64345
53135
60254
81651
10962
56080
7799
46641
27501
94136
43689
20084
98216
67771
99247
7052
64865
71678
9065
86982
380
20591
79978
5005
75144
74072
59231
29456
61951
22917
36393
85959
5074
63873
52999
43980
65281
19278
21691
8196
27545
2875
37529
9093
88320
63874
57193
17955
29522
419
86704
47892
28322
21923
56564
98462
92324
90621
49939
87010
919
33231
35928
38615
71850
6370
85213
83025
68734
98406
68814
94010
13163
78222
38438
30467
23615
26579
73658
31219
79578
29605
19090
11305
47654
59741
7220
14549
76223
39150
45898
90095
13211
23298
41344
81796
40123
57459
32756
3231
39576
71507
10482
40978
12349
58159
72825
99848
81001
63890
72800
7797
93924
55500
67957
639
29223
72980
48596
15250
13464
76702
20375
38253
52741
95812
45181
59881
2135
36819
75851
79903
41957
84298
53850
92724
6675
49815
68117
4820
84369
49601
96862
83588
9012
82638
11157
26938
92109
30058
60161
63679
57804
52348
84508
68294
68127
19668
34875
14938
3309
45431
88226
43162
64412
97153
89669
70580
70984
96044
61535
79906
81409
98120
61295
96055
5162
27844
84930
56650
43403
32444
58058
75066
24069
64640
40322
31259
96239
29795
65209
80371
2978
33332
26234
72961
92455
25037
61908
29338
69460
81521
76430
4651
25746
11953
49643
43026
97554
31697
78487
4446
53275
33673
13912
17236
29540
13700
27357
64419
59155
89992
39268
85563
43207
69536
23602
93978
1107
1109
67065
53222
19404
49132
30426
51976
13465
59901
81445
81943
63432
32974
26856
74742
10023
37705
68451
81260
1193
38741
95475
34578
83049
47222
30987
25610
31105
67605
77347
21056
68536
5780
64591
4774
29192
16717
83826
44220
67230
35877
84498
6223
6952
38110
45924
70074
88345
83777
89339
30935
84445
41735
1340
41869
1348
3522
83912
91263
60982
5624
20226
47134
31075
37735
43563
80294
62868
63903
28735
27182
27107
71464
52038
14349
71212
26666
94823
25349
53749
25211
15822
29467
83975
20443
9114
35231
65787
53909
2243
99914
38458
90977
17191
93215
25326
27055
88052
81011
4518
91974
6403
46044
95954
97421
77809
58163
76512
59128
10968
7007
96423
51722
85257
14119
78590
4412
29089
55562
15951
97813
25223
62706
16661
32778
88386
2394
30800
84436
69104
94067
95527
24110
41786
71664
22760
51345
6507
38258
64203
41846
9294
71603
87269
51132
43155
99560
65951
22759
40724
69316
16611
57807
32094
60204
57558
90307
6574
35567
49353
22441
13904
44637
44436
44364
52646
34133
2654
30400
66982
45801
79328
17727
99816
29581
65966
52869
52814
59450
76701
53676
58279
37837
1943
4990
45692
10852
1962
79958
84882
27350
85462
25115
46996
79894
73074
78941
62591
95389
49774
53740
46396
6946
24604
2048
33530
96270
97384
60556
91688
86599
85073
89023
84891
97540
52506
45258
34126
16769
52933
62727
98648
7932
34347
75184
7711
87659
97341
99235
5146
2509
49598
45013
73464
77972
70783
78523
96100
11236
29369
4926
38156
29751
72627
67217
24233
71417
29833
28845
4000
32650
23823
68186
64156
6051
13255
26469
3230
72160
77868
25228
31110
63681
73158
91513
49779
92006
70819
10787
63621
48920
2532
2534
73674
19869
9717
37886
67526
4986
16128
31927
48661
94471
67741
37981
48452
79440
41794
46566
98980
80817
26906
88388
63834
19780
39206
40418
40602
29103
6254
56788
62348
74363
96464
61023
34716
73052
11832
81261
73128
56387
32089
95113
60450
90667
78737
37525
66163
13134
19925
89616
10470
58517
12048
20533
93084
58437
29640
18757
94444
70147
19921
23190
28176
88464
44821
88622
55204
94570
27530
3177
32653
61211
72396
84729
67533
11328
70415
59810
71166
24593
51060
25577
53340
32351
79923
17510
76648
5746
26417
99192
87303
97123
75873
39205
50041
60444
66812
94973
48617
81532
51259
89697
28783
9915
28878
56171
51017
61097
39878
87636
64806
90479
68812
95021
35972
90085
87409
90931
43593
17911
10628
15841
81221
62382
66504
42215
30307
73265
85090
47123
92755
53614
24199
34340
85767
49620
47564
32794
95431
77700
87782
45323
26210
63237
7798
49976
82125
62827
73165
48739
49090
44438
30393
81212
34059
81352
94180
6578
85594
70962
58978
14515
57371
42166
27875
8140
43787
96962
98604
44783
10560
51943
83330
41921
31031
80559
89060
67234
74714
65878
69737
48255
32449
62970
7691
63025
63496
4473
77482
90224
91190
35870
92797
81813
48662
35868
53576
60213
54471
76746
28226
83267
93380
18932
47968
45857
13006
28269
34006
72156
24280
4821
65772
87300
14328
42630
80357
83144
43592
77812
56437
96036
15062
31594
13910
34027
87118
11558
37296
49201
67626
24282
85083
92565
30664
81374
45874
83375
26183
78454
8335
37875
69586
12314
94087
24396
73893
17451
9641
86450
69066
43931
37781
85641
79378
87485
14811
65598
13323
76763
9125
55140
69805
82533
17348
92082
60372
70452
94340
96908
34050
89542
47389
77528
79587
79116
59676
24350
36661
81758
61294
66393
68807
7413
50327
60993
26083
96952
25977
50136
93446
81929
8189
41294
26334
84176
86585
75194
35388
77080
81992
97218
17244
37031
99490
31504
40041
10221
79768
32278
16076
78993
54839
79326
48319
84494
79855
24687
21687
53762
44596
11
51795
49693
23112
94514
59243
86690
34516
42779
30992
52968
44419
62553
81209
69423
88197
25927
40295
83544
60107
25902
46449
81709
69424
77112
6977
92220
45028
89661
53735
15572
2215
78802
99009
72320
73515
31588
20401
48287
69142
40010
75936
27791
89754
2726
70911
20037
48126
95199
89162
28777
85198
38909
94140
82182
95072
28338
65992
52918
3083
96825
70561
60402
55466
79049
47301
98340
52517
71524
10119
33446
8519
59489
37264
39111
12925
43096
4475
92183
73024
35863
58513
21092
16612
70816
87037
90454
86468
31155
37189
99777
15173
20430
96966
6659
11574
41554
52987
39542
71601
65528
73225
92293
37451
21371
44187
17706
87676
79969
77583
62124
22011
45393
35053
49197
43889
58055
36453
26110
18649
31852
50531
85525
84302
94916
74091
79712
14358
72168
59484
35852
301
11309
93349
96772
1942
27238
31929
19476
33667
98698
1332
90371
25593
65862
81015
62777
19086
79067
36039
43892
29207
63457
73255
43531
37367
70377
96964
47320
1029
959
88838
78089
38285
77779
37231
81735
23033
64151
8569
2477
53999
68901
360
49370
74148
43184
