40229
33014
67469
34807
28983
41531
12566
16201
91275
9755
39392
15168
34077
10061
35575
83502
10805
23151
17681
7679
73556
63062
83956
71631
55476
87714
41655
70887
86049
30647
21275
75727
72376
23839
66721
92437
31569
96453
39797
58797
40894
56734
5055
64378
64331
81454
21111
7293
65061
16065
71064
75111
15045
57204
79916
69954
64760
80941
42522
4661
3518
97624
53533
36670
42560
22456
85634
54817
28716
75340
32177
41287
34366
35014
14496
14019
70744
3695
30555
43217
17863
46991
68797
31585
93075
3850
47614
57698
82074
14834
69584
8073
76892
79679
53117
96375
93569
59414
53710
44521
99906
13478
62392
63923
36937
63590
92563
53303
48371
4187
91663
44962
99729
18774
76990
45280
85483
72000
8300
30949
90245
13452
18800
33284
77272
57568
84661
23800
83028
67244
98133
57174
48820
57102
13156
99829
69898
37632
16247
40755
63343
77302
55552
75823
8016
56660
10786
70506
40170
67509
62510
43257
67527
94385
6140
11981
88174
27883
36702
30080
59924
88023
9876
84201
74186
66036
96016
18275
62116
98386
83679
85619
12862
31739
46317
8937
33905
61022
53450
84026
90838
15595
59867
86961
78658
90129
55046
91064
40336
43142
98665
38008
73830
46339
49698
21708
63704
76266
17019
80025
32798
63243
51449
8220
11545
47127
50387
83191
78978
37792
58908
35385
73910
26052
90426
24411
55957
49169
11566
40652
6338
89637
32147
47244
81860
49423
21859
14414
14499
76744
33276
45829
31527
85590
11753
43903
75435
54386
74397
83760
62951
30716
31148
7032
74395
51349
14958
40582
34100
50412
47783
76207
91701
72689
49392
57926
36879
25683
52291
72059
68989
34252
74897
44263
34917
17778
17702
67988
15657
28435
25016
74941
55311
36508
64240
30491
85596
22188
76724
94337
22361
83070
43111
43013
30436
41428
16252
21214
62470
10876
46121
14122
19192
89516
40304
71034
87057
24971
18551
71759
70693
41917
29758
81834
22400
57635
84947
91193
99377
15953
95715
74679
65629
92087
91268
77656
29933
29683
34604
63412
97859
79530
52834
1639
3880
84221
40186
55843
73538
72297
20028
65996
61620
34753
72
71
19027
88745
6785
96248
60615
34996
45582
77991
89075
34427
15603
88554
46045
58430
96505
64204
34261
89925
52280
67352
27942
121
75211
52043
39457
44829
50448
29552
84340
89897
15524
49589
78418
46307
64849
34321
56913
50498
36126
47038
70762
69629
68889
25619
23685
60964
172
89737
63558
33124
98944
78280
13978
21886
99606
15716
79861
96819
13416
41038
81406
90149
3178
79464
92539
35908
11819
14131
86284
67686
4744
15689
98114
34938
38118
25997
80499
4079
97642
40757
18545
88795
90094
85681
18516
15618
52865
61369
89125
6127
81956
280
34778
17930
64174
63385
38048
58357
26125
80976
58850
17751
27531
50680
3931
96139
94753
89123
15811
14641
92730
305
31856
28573
85943
93390
9604
70641
41337
92868
71506
99928
29397
75642
79625
51573
31643
87425
41101
59059
69714
94331
94187
57463
64359
12082
25822
60672
83471
92949
66093
73178
83496
24493
88572
73651
40333
50126
85374
83018
49446
7082
71427
18431
53925
48933
38380
47792
89570
5573
63049
1326
27476
56801
63232
88805
3269
744
13030
42724
94837
95993
426
11099
69689
16426
75967
89615
9141
47403
41684
89435
59932
12157
61677
11292
48757
44458
69099
80129
32398
20792
26836
11380
70938
4596
72775
44027
35807
80538
27416
23528
83189
47126
50374
7830
42287
59364
97405
99694
61114
87712
88728
81510
12230
25914
60369
23686
1975
69023
73280
33314
95308
17478
40782
13080
77200
24216
83124
65263
38292
21278
97135
1874
10168
63954
25308
40551
18974
88590
22237
81265
27656
83388
9929
57537
67682
91941
36353
61987
34877
87325
92726
55133
68805
5643
4685
10804
27856
39529
64484
6479
49615
44466
52165
9014
41159
19742
16920
19803
26088
2160
75671
48961
43823
5642
5847
79710
86001
89229
11876
29886
70769
29623
68727
95665
52248
88602
6197
52450
62934
66541
91575
46874
81574
31126
70390
49623
4745
38044
94062
94480
31095
47063
71862
94376
47065
46425
61840
29946
45365
32301
90292
41192
43909
46284
56074
32298
773
14197
49852
50754
87484
79258
2601
8531
31623
41030
92541
67532
62091
45892
48776
98742
80942
14281
5868
29115
13224
45341
29757
78865
88050
78081
42787
18080
37612
70453
1072
87917
79516
39939
22319
26170
20546
33083
25594
66431
8222
42743
41600
34113
31320
7692
72763
49136
33842
50721
38774
2925
99868
33917
65372
8339
33286
77805
31001
74631
14033
71774
46869
67704
2324
86881
51440
46650
47702
77456
91667
38082
98359
96076
64281
62873
7472
39359
86115
98100
78199
77120
56779
8930
85263
10344
72218
53133
81771
54416
56173
90325
91269
41578
27535
43476
988
78300
74518
77635
88529
21458
79281
53434
70634
2146
99987
72582
22427
96207
79316
83617
86455
24781
5226
33235
78758
66863
13295
97955
73534
54537
61464
1522
30897
79296
62872
35346
80424
24019
13338
20518
79044
49236
60571
88828
73940
88978
42104
98474
59027
15741
97716
1097
81567
83172
72743
80987
96927
1114
22185
36383
52251
33123
58158
55308
43508
54134
87829
17283
67799
56518
55173
9810
25221
24062
71251
53420
80623
45848
74185
76761
10682
5415
64145
46194
29836
17517
93985
91933
48359
73447
64124
23289
21127
85032
27970
25757
95180
65675
13111
1715
97252
28528
80080
69257
74879
42460
60767
50335
70956
7207
64727
66793
23456
84339
64286
38439
36714
36845
20910
18029
58645
1289
22155
26252
45495
24153
91482
51470
9223
69458
70792
48303
60647
93172
57271
8572
48030
29221
48311
56783
9740
69251
30549
39912
40261
33672
36905
82281
96226
81717
69184
3559
67989
94879
1371
27425
39414
51624
18238
85001
47938
62161
36318
71390
46523
55870
93218
3077
38190
87792
95023
3052
44566
84918
48344
20945
26779
50348
50853
46231
83467
24122
63906
27592
87267
53670
67317
8724
89111
54450
51326
5495
56280
32840
14420
78648
52338
40349
61784
69053
76166
20255
44207
46185
82674
5702
6552
52020
71957
86423
27180
43743
77519
18089
61030
34791
57309
87433
64655
70657
63212
88308
44782
15051
58431
82207
95893
21626
99946
72332
62014
65666
57306
60485
1600
57333
64450
9547
63706
44823
29038
48747
26284
24209
41798
83416
92066
74283
86877
88390
55483
99616
21213
74181
