49243
12312
96006
3582
79011
28563
16384
76668
56252
88160
95247
4222
29606
73246
5637
12189
71958
912
76770
89884
65168
55997
35837
66745
33293
65359
92991
44024
66809
45925
2862
69695
55831
65863
24764
43420
98122
59705
89508
93658
57918
81513
8924
47834
2365
72008
87236
5766
19510
56842
97951
12809
18865
55741
60131
77205
1083
15170
30785
65946
10530
62274
43385
49915
72690
30711
82688
93633
26862
73382
35501
81447
1616
76823
79318
32874
76143
2020
31088
27147
87058
69480
98736
98791
55625
8262
55622
74526
77218
44778
46090
75597
65732
33059
34476
20547
2372
40694
61771
23937
79282
89146
47682
12353
45930
75338
44620
85844
58559
22575
27527
22108
91638
28511
94080
98676
98073
59158
8841
52935
58346
52583
77776
62358
50494
45050
30488
55020
98650
35317
25734
73966
5079
20113
66016
1425
23979
94130
76754
83928
19872
23835
89940
1455
94504
73949
26886
4886
7447
40920
34074
1482
57899
6056
83995
90625
80313
4146
38585
57456
71493
62853
35663
95380
84275
56025
36659
79816
35416
40548
66271
51005
36602
14736
59381
39296
46060
70656
19862
2669
92191
94333
92108
1611
74776
47935
27475
58502
95763
29073
56407
23466
48879
27096
44733
56156
7467
82154
19349
41179
2024
7228
13173
19647
32060
6892
38421
91487
93886
83378
36466
22597
65164
65159
51412
97112
32431
12429
39270
3499
73081
43727
83614
40849
70533
75897
36461
6692
88963
23019
7574
13095
11895
45493
1875
61872
25089
46136
62479
53767
60189
27806
79717
6612
10166
6159
22516
48034
8134
49979
59331
46016
45553
1945
45410
76323
62835
11541
96010
85819
23413
2157
63452
35590
93067
48859
88315
12009
57292
68594
73000
77803
50830
89807
53312
45498
35064
18707
85998
66956
3057
2011
28446
12540
2033
73005
61265
55928
37172
14340
2557
66018
23903
15646
93681
10763
12261
98727
90268
36260
25422
25625
66265
20235
28307
89794
30677
45741
48041
84642
38322
95698
28239
81371
36658
76278
47059
5542
50270
10508
98852
4976
34504
12165
97968
98143
11319
55283
25255
24288
14072
8840
61864
9411
46202
14696
52381
65706
34563
13329
5799
91451
50161
99532
25021
31052
82937
18014
4150
17696
29097
12471
53752
15491
2901
63389
72228
9529
46358
35052
82025
14653
40563
56096
2435
42998
53456
98498
12765
34741
50760
28725
85116
5496
63058
59974
20426
33906
44022
4848
38364
41679
71932
43126
95091
18748
17546
6765
89830
50233
84472
22252
9703
12553
15864
96669
59480
25924
18679
86550
51680
53968
90675
76171
29006
13842
74596
45868
47535
40884
99430
2922
76731
55490
18086
71723
8022
81994
81484
76342
39163
60517
50061
65677
21279
31066
5426
72891
46701
46422
39194
41770
23328
89503
44030
33154
77601
21830
43762
46658
67092
14762
44002
37380
35604
5500
20147
37751
75107
5351
27275
41991
97504
66100
97885
35646
60201
83939
12764
93229
60915
79323
57006
55326
15429
44518
16431
20938
30433
6273
26828
46654
99275
77531
44292
42955
50025
18064
71833
99188
87005
54402
22126
13933
88882
29439
84595
59903
84822
33116
97995
3106
54304
96080
99400
82344
98747
6249
54208
44954
19877
72256
16578
91252
28037
48125
76489
91883
51845
48562
35722
5598
13635
34160
90270
11412
77909
12005
51160
57100
46345
57349
24892
96163
87460
86315
45113
99632
95081
66197
12161
88659
33762
65784
46375
64770
49958
71218
10124
54165
44071
20328
90262
83883
74312
93900
21040
80777
55506
39534
45112
7674
31067
67862
71577
35527
91442
7914
4784
92836
89028
93546
98062
9020
24112
85232
5484
55857
19354
56612
4260
11704
58046
98238
92941
56489
59649
92602
40887
99799
58831
81096
90678
76667
3644
88290
75895
25179
92553
40753
27699
86531
35746
24385
88478
89887
63027
77305
55499
33697
61839
15414
40330
98217
59963
30950
88672
12993
53836
18477
71984
76595
12630
80586
22799
89846
75564
9202
83046
32087
82834
68384
94273
36335
63814
11323
99135
98847
78149
32852
79512
23485
72363
5958
24824
13355
4046
39157
12049
18269
43383
45200
58661
18452
56880
42343
4132
10757
15384
72024
71492
80002
35219
75007
48984
95444
13658
53310
91194
46579
85344
41213
96731
85120
17308
38824
12251
80119
57230
47862
77263
74120
88169
62364
31115
75935
20115
63433
21692
44442
13409
93539
87978
32195
85550
25554
60505
20873
7740
15107
83649
9297
86810
7891
37630
43580
47279
57717
74441
47204
56805
72714
89930
16951
88279
4635
43904
10404
48918
90565
4667
43107
36378
49948
9263
71611
4738
29838
66645
9586
30769
99833
87466
86148
11111
51110
15933
4853
11652
56008
12383
76329
45270
66302
61766
77917
84723
43761
92815
77591
24358
36404
24504
69828
87220
70470
54502
75729
95096
92976
77780
62959
43114
12957
6717
94954
44692
69568
71204
79373
11690
65453
86166
25750
48625
97350
62029
41630
23113
12571
29781
61958
34075
92259
77654
71544
15899
67496
11503
22637
33722
34353
20662
45206
56535
53396
5431
69606
30266
55573
87261
41004
27064
59160
83739
99062
75128
29888
5543
78578
51087
66029
41382
56764
25970
10830
75347
69742
57325
93322
12109
7256
57467
11865
25899
41338
33735
99486
58245
55253
54944
49731
92143
26477
69763
54181
62427
94659
39383
36238
20019
53575
97464
78972
25099
44298
53216
6036
67316
30291
12152
20185
74787
33712
10220
35748
33366
80173
98349
6508
58717
62246
47165
77252
55970
80882
46812
6329
54223
78701
87455
70526
83634
40193
76226
6448
20195
69345
84206
39807
54063
78328
98263
31432
69420
12802
27795
74893
94202
56005
99288
45274
22844
34664
28201
68535
58395
76611
92823
34076
13527
52796
56927
36016
69946
11431
30157
99822
58299
36732
54980
78413
65737
68207
16423
26174
86542
28389
55361
57494
46013
57345
73321
88918
24117
65048
69589
35345
94969
85378
20629
70753
43734
74051
99258
41649
98914
79017
44485
89619
83761
82947
91061
93623
86141
53963
10801
62855
41178
25456
21135
27564
98332
52357
8083
77004
13580
14600
64034
67201
34714
96458
91590
8354
53470
38879
56254
40581
91167
62579
94962
32970
28108
8958
76158
9021
28544
67808
97731
26297
84969
28395
9191
50930
21034
30196
68409
99739
18394
66068
90302
53091
10795
50036
14339
27117
41617
10959
56821
97905
24376
71059
72801
31789
45233
51865
16936
26484
87928
14095
