47955
69218
2327
80841
54099
97322
43122
55410
3428
17766
77087
94445
81364
86135
95148
2360
60136
31645
92209
87718
61362
70691
3377
17784
73596
93200
2508
22948
91228
88994
61311
2073
94646
3773
9361
84437
55135
34318
40979
39073
4693
67474
99948
87500
2175
95118
5819
7210
26100
9033
45837
42054
6710
53907
46176
76766
87268
45536
9397
34303
20077
57028
13830
16560
29101
81184
75986
49220
3466
30747
9357
39527
29391
57661
72127
33091
97182
51849
76483
87874
26823
56847
73843
78905
40596
55889
86025
31751
15669
24427
91854
55524
41545
8560
68367
69950
90484
73289
73631
38752
78917
95172
4110
42728
62980
75664
3678
8740
10383
78540
28713
59081
42572
12867
25324
59239
64906
9108
44206
93905
76550
49046
79343
89371
81576
61307
93507
11724
42090
35824
2965
92463
32545
40199
68503
31395
92148
38117
56035
82606
13651
81471
93303
35275
60381
89727
51994
35544
33880
3149
13844
79535
6147
50872
12437
88912
52396
53804
42685
53361
65623
77286
42876
63214
54142
91291
9774
84732
18006
48756
13240
63748
58704
60154
48993
28231
52901
79910
3439
41928
39277
68776
75265
29853
7346
60059
36982
22608
94604
60725
72214
52720
38797
9425
59285
75302
32751
26920
79292
10107
82123
50692
20842
81666
62255
81360
33924
59842
26268
96471
69494
16050
95718
75608
90052
48455
18313
93184
88998
60746
88794
67699
25479
77465
89369
19875
30170
68121
74422
10735
59814
55164
3871
22712
5173
49618
84406
84914
89211
81931
38222
32826
24849
26478
89360
22367
7639
4681
15075
66769
74102
61213
64442
4131
47100
23246
60164
24485
10129
28235
24008
38540
56390
13307
18333
43990
7803
79297
84499
53421
80984
21677
52342
91765
37528
16467
23556
49411
22196
38379
21433
79348
91382
7156
93996
80351
43700
78065
47466
92076
68781
11122
27905
46397
6804
59268
41214
14606
92788
30337
50840
54853
69307
33843
66258
94474
38052
60719
28781
53332
48951
99169
93799
17129
25405
54340
11077
34497
32196
56865
94975
74151
81505
79627
38932
88613
6514
59339
90694
48135
79656
32548
27486
65766
87048
55372
81306
44579
89310
9894
14666
51363
61963
88487
23247
16151
11282
61548
8208
33854
12948
93940
6608
36471
14594
84526
38218
23716
29768
15473
34490
94400
26049
47877
8940
35625
51940
6381
84014
36153
5571
98774
54171
51189
32684
30500
19461
67307
22068
5749
77669
91986
91842
85311
10951
36936
49042
72821
84803
19184
14139
65551
24143
51527
34098
19734
34760
59704
59390
10032
73136
74235
89460
28940
13939
6232
17403
41624
97536
87277
86176
42512
76896
42593
49466
71937
29527
27045
76671
29037
25698
62462
67136
55999
40124
99888
35263
26985
39975
56478
37302
22360
36286
76097
77278
53917
19043
40232
14886
55124
73683
33792
54026
86799
85020
95798
86290
49927
63686
64641
18162
90956
36274
16060
18445
69749
14959
72730
87502
26220
7903
51709
19953
79644
65547
36271
43561
80038
23608
33947
47995
27235
68052
44333
9000
52621
49768
9916
59512
44552
47074
98066
8695
74270
47154
89183
54282
14577
23991
66522
20818
8988
80524
50557
95420
18533
35901
32858
55497
85290
51896
22406
19692
55144
26050
41327
36249
48567
90097
64265
39305
70548
60595
84708
47096
15372
18745
94282
40533
27904
71014
59938
89391
93963
30926
10341
11342
23223
40430
37972
10720
73528
60052
11228
79414
55669
37995
83068
61107
40171
79911
33780
91853
58881
59374
76662
51316
39821
73041
45085
25951
67610
43684
13129
48914
24649
20540
23610
55278
42196
76407
29994
28245
8233
17515
10476
2425
55182
4931
66510
14486
52604
12227
79232
46
38076
73030
52748
94840
75575
38152
27231
65393
83565
45204
16901
99927
26852
50042
6440
43131
47295
13137
55731
76585
85268
89705
8113
2139
34240
28608
33637
75203
95536
53351
27694
79810
54987
66471
30172
34339
48060
77563
44628
65831
47359
26900
15434
39232
86939
67746
69190
92052
45422
69393
9686
63377
35035
90226
147
60678
59671
94072
77503
86752
24628
43373
68803
36877
57506
54421
36207
94447
2091
51480
37470
21055
24352
52463
37309
46167
41693
13103
14081
83064
9690
89606
55775
56213
41983
38832
96704
39714
94918
27313
19155
98290
55101
72435
54575
57328
41825
6935
6382
13118
86053
65294
54230
63311
21299
58866
14395
14623
80795
1737
277
16314
29874
92265
63556
13847
27189
41799
71180
7725
18941
71508
21367
63629
66211
38141
80092
91768
65881
78828
41601
78289
57116
62410
39053
11253
83091
60668
22494
55801
50268
19554
53098
43840
27018
16094
8010
83051
76529
25268
812
74178
98714
85810
52241
13065
82191
3952
81676
76538
89963
13990
36433
16965
2421
99577
87897
83677
75933
78167
77542
4154
60380
4994
39925
92388
19750
85532
79092
77593
58745
83895
47727
86909
84331
44993
31142
16183
95142
85755
423
53808
7898
2889
68747
51966
24544
70503
40415
4238
31722
69846
17054
95324
26151
454
62317
65969
32077
75344
18421
45909
54631
82264
73779
59288
24147
54780
46291
35057
95102
26661
80731
56345
86370
86173
81780
20300
2256
5713
9378
51916
80589
37992
62552
13946
86759
24610
29718
31513
42111
55964
35891
86659
88710
24078
56031
61190
29146
78526
88331
81242
90914
17647
26984
39633
966
86085
3675
13325
15751
30839
45108
44808
52141
47793
30775
92245
32367
82267
34545
8442
96890
71415
47219
74341
40951
45434
72410
26301
78921
88548
37771
30246
5432
39060
58980
44930
45203
48570
76852
67114
17006
87990
77403
41603
25488
38424
45290
41668
89826
76676
35122
7433
86435
76396
76004
1294
32747
44483
31232
84648
2176
73837
629
45444
89967
92771
54092
27921
30409
56718
29505
652
2245
30133
55542
70404
54766
99538
98879
6340
85069
17854
63316
50008
34173
79179
74900
80521
45851
73693
94679
68029
18504
41143
11765
89526
68234
16680
44602
7253
65797
59002
29014
19609
10889
58189
5876
19633
86636
63445
26588
97578
11011
99469
51735
56386
55768
53410
3345
43428
86493
51727
61184
68940
81191
81343
57145
22267
26790
70151
49882
759
5648
65078
99710
60376
64544
37483
33022
96277
62736
95020
94655
59655
38403
50804
11068
84866
56110
36279
5196
20856
9460
23427
27598
62221
46570
4678
60390
88236
12856
36910
9815
49841
55393
60269
8463
42329
58923
25018
71228
66213
72869
