40309
44237
88413
34633
13485
47405
24523
21961
20029
20687
35402
90366
94811
61028
94307
2454
6695
78405
35710
56976
2272
20
46956
26
42568
63755
75104
10516
34
86185
24377
1170
4965
44
9591
88892
83085
14868
64417
87568
70410
75050
44738
5995
20440
61
59126
72246
70572
75704
9982
29415
82508
85034
18359
51096
30981
95942
47119
992
92567
96305
96212
21892
37812
34001
4091
36573
89239
4535
15568
87374
14117
155
37246
2163
14780
163
84937
89062
19603
56885
19240
83683
39835
22830
10365
78598
22078
88746
78191
39110
25311
75787
56605
72492
41570
60729
94803
27901
84645
56740
90583
11875
53951
80929
26345
41225
73870
45042
37285
50373
41514
97328
5910
44440
79790
64169
92533
14920
82729
56665
43222
5153
19517
72110
48353
53995
23765
8400
90864
39967
8449
20739
12874
93555
6897
68914
78721
45873
47575
53416
65542
74087
60917
347
12229
10942
81649
39282
99296
58091
8687
20350
96680
48227
21939
74325
76369
18435
46679
45997
40836
15089
74022
68963
93582
69995
16603
23644
30136
40570
60666
27770
60251
56217
31903
11803
93788
27934
26997
40208
30872
2841
44911
1886
31252
11316
90356
10847
41919
10336
83392
44886
75858
25245
46039
14534
89090
39179
91651
15742
996
90440
18968
6081
94618
19814
44760
56428
1437
93818
17619
23163
84325
56116
85450
17367
57172
70249
43641
54529
26952
41015
85663
91043
5523
95778
42170
22405
65639
66684
45966
10919
51859
74453
90638
28526
11576
62838
80502
45165
75942
5764
74067
20110
11773
23462
28787
72881
65038
46116
88344
88039
39217
45719
95980
78203
43877
69179
10304
4894
52237
21184
26177
91722
85196
56591
643
33297
93954
10868
72517
13072
60691
96617
21494
74957
42490
77140
84540
63859
30527
61985
2058
36218
90900
51199
710
87304
76864
34745
66816
37024
42069
43587
25114
94833
7026
62525
11778
16414
39865
3734
59030
73430
97676
53569
8786
45070
29118
75502
26409
56921
76316
85979
51621
789
43185
14817
803
12941
32411
84414
19361
85804
4659
35811
1009
85614
28102
90504
14853
95452
32468
64026
78545
10307
13032
61878
86803
97753
49228
39727
80374
66719
39041
10201
87412
9504
22940
45668
98227
48913
15569
77291
890
52317
37055
88842
28650
15260
61496
38491
44858
30169
918
47706
58397
64605
4620
95528
32916
43559
20141
16807
30231
78923
18420
64558
28870
66037
69598
66663
39152
14681
17044
15197
51870
29078
98438
64144
70662
75807
977
25522
52948
22199
77638
16882
43089
19419
27772
72790
46607
64463
30368
68964
68099
53776
73493
5200
98779
91137
19651
10465
52410
56215
70399
66830
77624
23752
18725
19842
64698
34988
1073
99295
2611
11932
25945
99676
92965
88519
3975
44086
97489
66364
95367
79080
40693
10874
53972
40734
70788
48610
55838
24954
21236
57036
58791
97128
54290
49945
38811
19277
6164
12683
82561
67228
8628
86591
17866
30543
74750
94252
24091
19719
78766
6998
35354
84992
54374
35426
74118
39583
43692
70500
13431
13315
45175
74623
13393
72066
42952
80593
49999
20164
29826
21327
91214
40820
59500
71082
52974
28585
29329
64671
80782
58420
86813
60877
29199
28480
40464
54979
95729
1325
93112
90330
11221
17659
8500
85027
38071
8380
34213
82636
9548
99898
43742
31793
54741
49468
54970
53441
62726
63697
90551
36033
77694
98592
37334
26513
81339
37415
52629
2728
84987
71591
20678
7066
8805
49406
6782
2747
16631
56572
1533
74207
85106
33886
42661
24014
17190
38066
97390
2392
66318
6096
65660
40833
86615
84721
42007
39656
47859
1536
76198
5825
37489
82528
24318
1560
81327
58913
29993
1579
27400
80139
86596
1584
50110
44590
98825
9965
15709
8961
28657
75504
88707
31400
27888
83346
93251
70061
13138
54868
81303
76209
67487
70093
60157
54857
41542
97590
38518
70477
6066
65689
33170
15994
11544
89107
28731
26108
71636
40291
10684
90530
30154
45659
63322
97044
64397
8471
83255
25848
9902
44313
15759
77834
2405
89082
49645
19285
56915
43510
34536
36159
96345
18712
45355
86617
74725
27973
71632
8423
58031
67187
40058
8858
95058
31540
19406
86953
63760
33870
37864
63662
17147
31271
8273
64487
82280
66486
38224
75406
37076
88813
73601
30257
69768
13528
81028
72636
41990
3436
66449
98489
19083
49077
59468
47572
98298
12565
42837
39771
67668
25013
67357
99126
1937
56908
90704
80221
47022
64884
94666
42784
30444
97667
24353
23587
84179
65773
91912
91873
74425
3535
59622
87487
69294
93798
11498
74954
97302
91574
25713
8102
91029
53215
52709
22834
66626
28340
41194
2085
97846
89571
52275
41195
61446
9645
74014
9279
10337
52287
12939
66305
61700
54743
70623
38632
53640
63995
62748
77744
2149
23234
20394
93851
37946
85475
82146
95819
33748
61244
32184
93481
10142
97835
53658
87209
50928
66224
37654
55302
51619
24109
40237
57247
76051
11655
6290
26390
28109
48276
36580
38206
16809
16971
90893
89448
63371
79864
88264
72845
18994
27246
2623
14605
55246
68898
75593
84534
9391
30896
34512
21537
4788
2347
22035
26680
36976
7697
93647
90975
65370
18660
67839
85150
79246
85620
70760
33729
68570
81138
74128
56609
82875
51183
16191
18186
51572
26098
15607
40473
77631
17016
16523
37096
27170
95679
90170
87888
79174
39141
41854
83646
38986
62179
7795
72905
5058
57516
14007
58233
45574
69802
50676
83780
50612
56985
65142
52461
83676
2573
84922
54274
68079
25715
58143
24760
69055
36891
3011
62940
16092
16591
59694
9597
33141
50702
2632
54023
18608
42845
58903
65127
84908
88801
70635
80239
7849
85304
99897
88582
72282
90083
34952
62660
22174
96482
50781
63860
61175
84294
33504
25230
28244
11314
12371
66360
60177
2827
22502
76865
49281
54941
98857
86621
10371
65154
15727
50550
21268
65175
75959
53341
64723
88374
55565
30915
10667
14466
59674
99435
85014
23659
98710
68233
36765
31450
20976
40352
86009
8752
64119
46890
96869
70763
28736
19485
2962
81773
85862
27675
9043
41645
54775
30119
90033
62828
95183
40095
41455
49284
27735
73912
82618
19264
27859
73310
43262
89411
57739
6975
93467
49634
48097
3074
90992
64815
63353
68728
24041
12733
79873
89968
31384
44193
18546
53747
36148
98634
68986
55207
52626
26634
75231
5434
26957
15854
63103
6001
11338
86139
65116
32128
