59808
98950
13308
8265
28328
76525
24257
60112
76739
99495
50007
157
20571
59389
35208
77997
94750
50220
44462
25841
78989
75750
25397
23586
52953
64318
65087
47345
72162
84701
12917
69388
12334
31950
10034
40559
17936
20822
59499
86395
88797
80752
94313
20891
76805
41694
35041
77959
89864
69972
72994
20623
93149
4170
37225
38432
78348
62960
73612
34279
19211
7718
12431
77702
74770
15334
30264
96257
49778
37208
67579
92137
31131
45545
9150
78426
37706
39069
81652
25726
87572
38525
78432
20356
86794
42153
70107
92798
97866
3585
97198
6177
68649
85465
60053
16222
16794
80202
54194
14562
75033
40629
80607
14454
15675
85468
57806
79162
48223
95701
31965
52340
45312
19539
47570
16702
36952
23218
61849
66399
93897
16768
12377
37139
79411
86784
26502
72236
16077
60076
27216
53334
26842
38245
37326
57023
26570
38836
40340
56370
56560
96677
52675
6466
89642
80893
65770
38272
81548
79241
61331
70167
10958
79586
62324
1078
37446
32617
90267
68886
97437
70651
26804
265
78215
56483
18324
29959
86120
41771
29372
53891
588
9234
23030
648
70325
46261
24670
4665
15416
15964
25958
30118
54145
4279
18118
53206
6404
96808
26498
54769
20747
64811
98486
64850
33244
37827
14987
40829
75725
99444
88373
77777
56163
3844
76934
85515
76578
80715
67056
72223
76236
95228
2892
60182
52633
31090
29776
55458
4911
27380
26925
77167
63286
74410
27041
60398
81139
13629
94967
15852
28748
3579
12904
85434
20925
16825
69575
75648
39374
30533
43582
72125
36521
91539
24287
2980
88321
87039
4277
15278
30723
20980
54943
80556
2053
62666
64365
48109
75271
66947
46920
98491
64244
40375
615
15035
1439
20667
52958
25127
64392
2552
43374
17217
77880
82927
90126
93336
73619
88792
66341
51900
1290
15599
60156
2667
80496
51910
65182
31083
7966
37396
14591
72093
44418
14724
65718
65838
29271
56997
43382
46549
41595
87622
78099
69948
44335
11231
89821
23755
63894
53461
62455
38054
83495
36966
69292
42720
88750
23916
79980
4020
32035
71433
7710
77383
96643
37923
28118
62916
3590
55802
60472
24424
55117
79633
90732
33559
92725
86306
44802
88845
45936
89913
86823
87931
64443
43309
34210
72658
24576
20334
1683
14085
49569
62256
95985
94290
60147
8856
53181
35080
63047
87658
8935
65460
34013
75987
33384
5118
29270
37493
48934
54750
73868
97758
99865
42073
73253
60775
64660
56457
49839
56044
70853
10660
97867
58413
79015
48333
9718
89960
56928
97407
21919
50520
69468
19410
13287
42542
19783
65437
92099
23772
22957
26699
3181
72564
15793
47184
53025
18128
70407
45477
23576
68428
38217
33256
98488
35608
87328
8700
70717
897
97598
37103
98347
36417
2251
27996
84545
35957
31177
23762
39151
1075
55722
78386
90786
75900
1142
77068
97371
1241
84082
5633
43551
97567
33657
68884
9293
97423
7302
67243
84073
77056
7654
63806
5541
95481
37001
18996
9335
95340
68246
63897
27848
92320
25671
39449
78517
57391
60883
28189
5010
87884
41802
78230
28758
25398
50003
56688
71358
46716
30499
72812
35955
55952
24429
92667
28784
46302
36859
23189
38662
83079
63690
34221
6392
34095
73709
89891
38042
96970
80793
56628
41616
64393
30781
92573
70126
4171
9890
82330
73445
59206
94692
72771
54576
88166
72071
14687
42763
39959
35924
40026
24571
95944
94288
92501
70924
83812
28437
20639
86366
44627
16490
84289
74254
12475
27207
67246
46409
62299
37897
12518
4089
41868
68449
22055
524
68422
10864
215
28779
94352
72715
5793
93255
17214
66597
84487
307
59531
1831
85674
25487
42862
81294
77676
65741
48263
88522
1785
13324
46912
59785
15950
42686
22666
42110
41406
45790
57812
12030
67159
46776
96466
25850
80819
30267
33343
573
37210
72164
27134
57627
83881
94248
7410
67232
59078
99122
16953
9115
24695
6358
92660
5090
93260
89388
21012
42436
64091
28700
50593
5468
29843
14814
95513
81276
64846
79997
32117
40715
751
81989
79556
776
53936
41913
80886
86746
37369
39678
20656
92151
72685
88146
47991
59633
44640
74532
26155
92173
17275
1030
75221
51323
95717
99457
47709
37514
85146
7136
75334
55699
99774
22615
54285
92990
96662
67004
30184
13895
9990
73471
22274
93872
19343
45185
17082
1789
8885
22377
21359
19477
42882
24482
85388
19855
12215
97410
70644
98262
46806
47413
1624
36034
25112
99643
54466
16975
94572
40320
83374
73604
56472
53071
4405
6162
12464
1829
21669
24972
30956
77432
44887
36708
56686
43969
27422
38181
86521
13304
31842
54042
29948
4468
73897
72876
19811
63321
54195
46775
78489
14268
9344
32305
23244
6663
37320
4616
76938
18979
92473
24578
20315
99879
60230
2426
87885
70538
39337
78168
3669
55226
88172
42498
13386
58383
15160
28666
44588
47173
89389
60217
62359
94017
79026
2716
28724
96997
30114
80206
65842
84513
40558
56331
65395
76420
70152
93684
39645
42778
77526
72232
9011
68050
17076
81353
39665
88368
15393
86977
47912
73909
37752
60843
87642
6731
27211
8790
90541
64426
24965
6292
55227
88173
26270
96369
67887
50806
56097
84410
85214
29937
12970
77863
76357
53274
86442
51126
90930
76601
34880
94239
82059
23031
69381
80989
62125
77270
38189
28482
43523
52565
27265
9958
79711
93105
86207
89643
95222
22253
32779
63280
1022
87842
59091
52753
75839
67220
37544
2162
70727
86134
46667
154
46861
12175
78681
31810
67162
98311
84985
80094
42773
66927
93820
46865
49568
67544
88927
29693
25146
55332
10865
75091
7525
19879
78843
67726
4511
9351
81003
75127
56034
90130
42796
84541
12207
3887
82697
23566
41817
14865
65464
16326
26738
2340
16805
52395
386
20569
39271
1165
83489
404
93259
78683
90202
795
18143
76941
94730
64580
48401
68198
15427
81307
13571
72455
87562
89983
60291
91432
8384
37773
32354
19538
82388
63139
955
69325
81981
73555
37174
35403
7540
64228
66314
90827
80530
10819
65765
96560
6557
75759
15990
16632
8060
5943
29152
98477
3198
47485
62133
29445
66605
84868
18446
75434
12120
13542
65987
66741
13346
96795
93041
35182
50012
10851
78107
78746
85453
14029
58156
88101
50820
88017
92040
24068
98548
69431
3572
90241
9016
14224
1129
24822
6947
12468
97235
88810
36664
94587
33982
23878
56624
87619
58461
23679
63374
10232
7312
85574
2000
