64301
41781
72088
80275
24030
19060
21777
63192
30821
71172
44636
83103
63379
81897
20415
4724
92713
40903
5674
12020
79444
48711
14151
11197
84978
22959
89471
11775
61868
55086
91748
30535
82511
23437
54199
46917
30106
42244
96650
19969
75093
84007
27362
38887
59420
41965
75856
78422
72200
41564
23119
11298
55618
74786
5800
76125
21406
79491
23432
76193
21696
74965
22295
92554
46769
33229
61480
21655
75389
88583
39481
69615
79892
76567
74696
98822
70502
98472
17497
87812
41875
24228
73214
13215
63855
65248
7058
7385
54746
71683
37284
67055
71867
93636
45957
70341
13867
10021
75045
45285
68332
30463
67529
94369
98554
25778
84058
12238
42974
77632
13728
59758
39829
42323
52354
85996
74330
26563
28762
79078
1
5381
98890
40679
5480
16778
96671
16858
92204
46226
83209
64613
4168
43238
77101
64051
40342
17519
94799
92650
12561
67181
45313
44839
53560
73357
90408
1918
43875
22422
50
91776
59
50843
2443
40403
63868
42812
23368
38063
78144
49787
51634
38465
53939
6860
16808
40707
36530
78999
73818
93599
88109
90805
57976
33349
12921
55412
91179
40465
32203
42222
87648
87603
85660
91725
66970
35740
72362
27162
14153
13260
17399
58066
37692
59856
34690
166
45651
42319
85297
98733
7841
33039
44717
33829
200
3236
44522
50995
54254
42451
75758
69247
15146
66310
82727
15992
43937
98468
38423
85369
20007
70081
29121
72639
96586
55294
79178
70712
269
10691
37822
27105
99432
23237
30497
28465
49316
17124
56538
38399
285
47091
88424
40358
30581
49433
64532
87287
47014
85780
3338
3206
9194
25419
53959
17211
22888
55083
6816
8383
49489
12074
24698
77344
56146
19328
12644
16617
8942
10582
22518
74691
53505
99162
53426
8605
85781
60602
1105
20621
52856
19077
385
88862
32239
11718
10425
72570
3024
35154
33621
8613
16660
11414
403
47796
49357
19587
19626
18596
47746
86627
95083
11901
19408
31637
78121
7166
53055
47858
53946
24002
77559
5544
73736
92930
94896
66343
49781
89242
75997
51736
473
61701
85993
50643
12511
3610
80298
8054
50815
93696
52615
13813
7445
86076
69591
29956
56951
64592
86640
15591
5599
99402
49925
27836
95240
49330
60491
88564
40740
92633
526
1468
74170
51332
58210
13649
75263
87430
2433
64291
83324
85637
19292
89951
7244
94909
38652
4816
72352
16779
23893
95125
34004
71370
88005
18508
94771
17824
33508
21134
32490
75114
40425
602
76998
40386
77098
90316
14502
71589
614
54825
61719
626
27034
23381
10326
14459
83316
36102
75437
31690
70559
45831
41126
82422
45346
17475
64310
19383
40397
61536
90185
74504
89953
44771
53726
58650
80095
98833
55589
87776
96159
17645
11329
87160
34920
62190
71605
73449
4086
22045
59742
23735
31896
56904
15610
88338
89840
39963
19460
83997
27540
87719
51489
71455
80084
74737
96936
32628
8919
17589
29906
78074
93279
13343
86565
5298
79205
92164
3280
42384
21329
46223
26459
45635
11061
82241
15222
45457
17325
79321
97901
17360
85890
861
91007
13327
16590
92013
70478
33049
57773
91388
23918
5502
56273
40272
91371
52908
95587
69205
45865
86102
14113
38743
95162
40384
97424
5284
30476
53561
6638
43330
81223
63972
29873
97818
63186
96149
91607
82665
58295
33938
13545
97852
77329
65400
54352
24804
7300
76434
48952
41255
89191
57557
59167
72745
52056
50104
19322
46605
10132
51844
38188
61129
49592
69223
44801
53236
4413
79772
15730
41879
93590
51296
2336
90791
48878
85562
60817
81428
9068
29061
58412
99416
52682
21596
30796
51179
66322
46533
1120
12509
23452
82364
33057
60191
5656
37637
86781
23938
82412
39756
46312
7969
53664
30544
94933
98688
78130
16277
35412
58313
92070
8556
42038
85371
50238
5885
11375
38531
63986
70510
93102
93487
47730
46855
58782
29658
81645
37506
1226
78371
39774
18741
21269
70184
4953
48970
58362
43955
85337
9882
86151
29997
71913
60017
89949
41020
77534
70775
7092
43237
4068
16190
93425
89134
5469
32878
23187
51888
69297
29975
56403
81523
65590
70132
10263
50632
96368
27864
64111
82376
42270
9654
65199
47470
82970
57689
72309
3286
38543
90739
47479
54665
21790
92723
68638
10382
44569
87162
17091
44319
68017
31081
38311
49428
78257
83569
37883
51805
19116
1467
84970
62865
59826
90421
38742
5883
66659
48442
22490
57050
80097
74968
38683
78041
34543
99526
64668
32483
70364
39955
67419
73038
85659
26233
88667
3758
55696
72539
11864
43459
32958
93566
3235
83922
79144
16991
72532
55634
37323
99379
65034
86995
28551
64428
56229
50429
32245
81657
51898
14978
85701
76344
51117
15389
77930
32623
56015
36806
72664
31416
78611
56021
59639
35083
68201
74467
49418
10638
71681
51862
89793
58309
45069
37643
51103
35406
61933
55265
90187
51946
8206
28463
10086
2898
8308
64699
75499
85079
76532
77899
27711
11408
26654
79851
14389
25670
53549
78102
22910
61770
25736
86172
77161
25243
33713
11658
99533
72749
6026
69588
41199
67044
45098
89105
93311
20371
50870
21775
24283
81829
44832
13500
28298
26421
54708
57238
79007
84044
53278
84615
75047
75197
30638
99665
57419
28028
47500
86869
8677
58190
82097
63920
17614
38058
11364
85785
4066
45117
74622
65243
44378
13473
1961
33192
46612
35767
48923
39831
48762
5954
78541
39591
86171
41583
42360
50140
82340
51931
16478
68096
8991
50080
3831
17799
34530
87537
85899
73487
80263
76251
93419
60567
18057
17917
92429
43661
29978
56227
11023
66527
64819
74564
34662
59850
70679
33573
14312
37401
56459
33101
93732
17456
21686
40798
74777
11454
12179
17661
58755
32578
68299
22443
47815
34346
19926
22618
10908
89664
31976
19048
47589
65420
20802
65150
55630
48489
40946
62320
17219
33609
8272
7017
69395
65240
41265
26620
95397
33008
87785
92410
54348
71754
20615
71453
5080
8452
99227
36798
17118
46602
82843
33477
81382
5993
11920
41845
7695
94694
85185
9058
10449
60276
3611
49389
39977
45144
74753
4513
77695
98722
96527
34131
23662
86192
72154
66383
44634
77633
93118
82450
11812
14031
45537
83137
37599
18704
82922
53611
15092
66463
71921
76463
73209
64368
28880
20121
30525
50604
81095
4732
2649
56126
81871
46459
75713
9491
33264
37901
25795
96745
52318
76735
27843
75113
52226
11202
83656
8002
3036
85248
87257
69717
