48524
30068
75117
35480
15516
21049
57778
25732
58507
27964
22774
17170
10008
8156
81540
45138
57588
4705
98154
26133
91111
60989
14850
66020
53398
10753
51915
8707
2904
87263
90222
38653
58123
3424
51409
2816
43110
31369
47085
54007
31280
63415
83754
71682
83765
39158
86189
20153
73516
32424
62601
27727
30582
39748
56784
16916
68524
69756
84471
41949
93622
5845
78465
12301
33793
7900
45841
35067
48856
44303
76220
74946
68923
45064
468
24848
74269
86003
92335
66655
36912
29087
10986
21541
35629
93409
58499
91900
69779
82509
72222
65165
43462
44196
73191
70259
58825
88117
78052
79264
79769
61580
20970
95886
81623
52681
61605
8518
27349
23607
51840
35419
7098
64637
88727
68957
34747
34806
11936
52888
46847
96053
25808
1100
16782
14174
14935
41746
27684
97627
52923
19173
51644
3894
93523
70685
86559
13524
50248
97984
3391
40353
34842
79283
99893
29409
56341
80333
97542
40524
59615
22596
99409
66851
44252
66195
62724
18285
51577
36711
69648
23750
18904
87669
44763
64055
1495
21530
13106
45082
76448
23125
25284
49397
15980
23761
1708
78641
78715
9763
30942
90712
22183
45272
65920
71035
84637
19634
61733
84245
35238
33217
77104
83456
56693
32347
38516
38755
73453
8027
98153
64082
96228
45101
7478
50831
1833
99337
78133
15305
87024
35622
63709
32164
16678
49625
57541
28262
12886
22128
41305
43028
63362
75300
25926
99663
39853
29674
17426
77232
97555
70274
85068
98977
77987
28040
14874
45215
77547
23620
61241
46321
6053
34450
86665
69171
92743
25964
76397
20781
31556
44317
83933
69074
81239
30806
22744
20783
93738
13395
75842
17714
54378
78156
13136
97376
57373
5160
31505
34838
82323
57120
45710
53079
39795
98652
40463
89118
87786
3832
98644
25084
68178
92585
84745
12348
3504
12147
42322
62761
82213
41704
25725
15324
54799
77854
42889
8667
54596
84119
71214
45485
66339
69612
72998
70994
16720
25745
11217
72007
39900
72252
7108
75070
36384
83302
70941
70793
21776
92406
39817
87775
71091
22166
82116
31311
31027
79725
99966
71048
85076
28977
57222
39342
95344
46038
12532
45093
27999
94121
27270
84078
25263
65700
93249
52264
23
20723
10611
56846
76168
41345
97081
74583
13547
13862
76526
3118
33444
10056
17876
11799
9183
94356
59114
90801
90299
90117
70176
50112
8904
61713
90837
33388
40646
49552
88807
42741
10390
38928
58836
92753
3971
67479
3040
56540
14014
14354
35169
4215
74378
276
87385
72120
51181
82673
84935
31545
89331
37591
31394
47030
84001
98079
43127
23618
35579
34244
351
55986
26341
29910
22922
68575
58765
73131
84966
25921
78827
11531
91106
29155
87908
87922
12496
39284
27926
6130
21847
447
60449
10252
38455
67146
26662
14109
46868
54088
71103
84284
55990
93547
96461
26686
56325
82285
8070
84571
45747
26375
23906
92476
93411
89880
82742
23688
78011
85474
41361
96535
66361
44673
27853
95632
12806
65673
82812
71820
15199
47098
99006
50619
36529
3479
25270
16038
4483
27767
16919
9879
40862
47525
77548
31494
47806
12039
35689
18372
50562
50404
11436
19525
82391
19147
38459
23928
43540
77562
28865
81774
88973
29256
4231
33569
14071
73524
55886
35049
64984
9042
84788
38692
55027
31261
39669
73076
7897
13509
53932
92767
36424
66287
65251
65371
96605
28800
85153
38648
21891
19870
48253
31014
71226
74462
62720
55028
86680
1218
31776
26323
9029
5288
58382
13379
94095
17302
44475
96295
1115
80536
56631
2993
46169
48037
94186
50501
22169
83119
59040
60072
30101
41780
21267
49087
79749
25678
49671
1215
36619
30988
73885
3501
71001
95780
4048
48921
85816
65705
87184
58261
33580
59087
60184
8590
80783
24872
4692
12362
58185
42475
95014
1390
1396
54758
31553
96806
76239
43473
1423
84902
45988
16212
88056
62741
44156
71478
77903
86978
18467
10080
87664
80426
54638
56430
15632
40793
97657
23534
60941
4111
2193
30148
74369
12124
45107
84476
73396
20761
75031
96255
48553
47223
74496
33307
35106
28834
24716
67138
31548
47135
28258
64205
50552
3481
3310
50509
79081
54914
25269
2334
90507
17286
26889
47095
2876
48981
62845
94122
11185
2106
95283
78946
94558
24255
61788
85514
74888
12021
30201
51197
18200
99825
40188
87145
45484
80869
64200
87064
2249
21277
2257
49593
74603
56127
3088
98809
99493
45769
26516
84327
28333
45515
4907
58417
21966
45550
71660
7864
35214
59997
99719
25051
64103
67743
15134
42994
51650
82083
82849
82823
21829
81639
93005
57169
33369
6888
89819
13572
32969
28773
7376
91712
10982
5706
43708
26607
7971
57723
54789
84643
82689
56725
79821
90890
89374
4365
25565
11230
36854
20057
11828
12913
85591
73239
78467
18106
40251
67517
41067
4521
10948
42072
38567
14576
33927
91945
39982
87998
93290
40483
88989
32120
39710
28582
19827
32587
34731
14350
43847
31542
72648
76442
51724
32534
89655
87248
48396
29312
28562
76666
85975
75365
23418
24433
28698
67706
13446
4026
32169
23676
12997
92552
46551
74752
34603
50809
70541
49835
38338
83095
82472
53328
38440
58218
9196
72269
4704
90315
16046
72002
82534
27595
48996
73525
8588
90003
99230
86144
94302
9327
39464
93330
21462
25130
46305
96099
5675
87407
77371
80462
79396
6624
24591
36612
13659
57808
87183
14925
23725
38204
6798
34176
58553
71271
63318
78293
35835
19642
77671
49104
42321
53657
96256
11982
77451
64482
8515
28814
22163
90793
56462
96744
89774
79559
21807
73333
72017
94678
39636
5440
84083
94872
5287
68346
13735
23506
93300
36972
53635
3682
29140
76157
83748
53093
2858
4162
62826
81993
87706
29284
92415
30929
10197
66577
33066
92883
40797
12382
84411
19259
45707
21786
64116
48496
1135
58246
7993
26003
97099
23267
17102
87538
38649
38148
50221
74659
81463
49419
99690
6351
53556
42242
46691
80295
75853
9192
56611
99496
4689
96326
28071
201
53656
6462
27514
74853
68526
57184
47183
65804
64328
98889
70378
83360
71346
62129
70273
81614
74317
98155
26933
68457
80133
54583
58281
97003
20208
68927
29438
49119
5246
68273
86002
70123
12306
53407
9759
56322
85638
33310
79524
38747
94980
6980
56561
49910
14190
99605
2859
70047
7265
80468
58539
6915
43202
63129
45791
38966
12476
45164
5843
88208
15309
90570
78304
43415
32699
64473
4045
63070
