19203
89633
22037
69905
44688
67558
14373
3723
15178
37797
61676
80982
16336
4002
69328
36096
30903
37586
81608
39104
67321
61229
59589
21244
27369
29808
38796
85852
75914
16709
94582
76946
3724
49581
22112
16967
16281
32880
15480
71054
39777
54464
35440
24217
32546
69008
61959
10840
74800
66815
56329
22632
88029
77137
21758
72341
80436
81776
59193
78498
37420
46213
78101
84469
32151
93372
2330
91890
40325
16925
10885
12555
27094
25060
70078
67464
79612
39995
73349
19492
70666
32135
37019
67091
15553
3633
21206
28026
78613
21519
81405
49401
70310
65545
57018
1248
82343
11046
97239
77163
73617
11815
58287
99027
26534
11190
5399
1402
18422
64444
88334
17889
52415
46394
79187
45799
1542
31168
63977
20122
21840
95991
17402
15341
94102
95269
55023
27523
30016
94693
11181
46815
25321
91030
1776
37860
2750
65840
66151
51072
80451
98576
33102
73498
41293
68440
74994
43597
90066
88235
28620
13702
28932
66248
58780
44666
67462
24175
92156
37458
38670
42656
28294
20477
76151
25984
89961
14714
50565
34069
20788
48326
84185
90064
24545
3521
91745
81821
62266
17601
21004
93664
87296
71136
96641
95046
41525
55002
97778
30973
9563
70182
22452
27112
50408
80201
59346
92347
15894
84770
42616
14365
96062
40993
21432
82836
89279
51022
38727
87082
35324
79925
79569
82167
93233
45192
42785
39497
97049
42424
92535
58033
62507
52875
40127
6235
90873
42925
35132
47819
98439
90603
10133
69894
44393
12004
63751
64112
95206
28067
45127
91474
17622
19096
6361
46416
24188
20171
38984
45681
27800
80892
53542
82633
35791
19350
28600
41209
80178
10912
99514
64081
15300
76435
30789
88877
46034
22407
17335
91771
54380
14469
27110
57104
97949
44270
78452
61099
3274
76010
84869
72431
21905
43354
35605
3342
11962
14032
28556
72933
77753
98317
14086
37832
41416
42055
95132
55701
89866
90613
13958
27508
37487
34329
5608
62672
60625
43065
67193
12786
57712
80494
82194
159
70527
83888
51749
54822
34557
95417
50278
33896
9216
33509
80089
36280
78446
81443
85654
26288
37009
49811
73833
42708
251
88323
40573
50436
61860
84075
63078
34048
68522
2617
25104
79186
9812
11063
47786
14716
1853
22942
26462
81415
12280
76361
52462
24627
38372
67843
16350
68450
87000
16058
51562
8345
54077
13314
91736
30418
76775
7883
46568
20241
77334
67467
6286
58068
54204
6777
1277
47241
11353
98583
75068
88933
50418
47571
51627
43176
2536
12218
54121
14185
26142
1935
75148
42567
10575
6491
38447
49871
14903
24731
96312
28300
90424
49249
42314
39030
77250
23567
53645
14583
53230
58340
74394
41532
37870
60325
46217
56400
22920
82944
53980
47027
82608
92786
68874
93412
11686
22851
50585
60511
89348
14575
26465
38657
39721
49261
56199
40028
37809
89400
54012
33515
88124
50269
57472
7260
99349
90331
11100
24157
31518
17692
65045
73259
67285
54860
35225
33183
68504
93115
25633
31147
23228
91447
98246
91981
48655
97455
25541
9974
14078
78723
62187
17828
36962
935
38051
61041
89299
99581
36409
22655
56817
36195
80547
41775
54977
79314
96066
84810
36734
47459
48118
52042
74838
14012
36113
15624
47636
99425
53124
74339
29004
81641
15908
1065
28886
15631
53803
35168
40043
91682
1099
77366
58605
35295
97336
1414
11081
3625
57037
86760
4209
57493
58174
18286
98177
24232
26111
72683
33197
65856
67256
45252
33622
71616
64913
36782
56261
43827
37731
52924
73294
80743
51129
95746
28542
98016
72995
66058
50424
91869
94690
67248
77888
33631
57072
53500
38810
61895
95051
33837
56106
70346
63939
62158
55906
1406
63693
92558
40162
59355
88194
30982
94408
63028
24192
2969
48929
80582
8037
42983
57923
81591
53428
56914
41132
98134
90537
20626
87355
92326
1534
95145
34467
64394
1575
43278
95306
9175
50155
85506
83989
47818
68702
51602
70255
3155
25916
2267
12411
66126
81111
17821
92172
38582
11191
46343
22079
77709
32964
62084
71081
74076
7780
27178
11071
49448
40196
15770
49556
57381
1796
43101
95773
1797
41153
93180
64700
65163
4766
87969
62149
19570
37488
50746
15698
74112
38798
61731
68362
32510
78798
25106
40001
3646
75511
69030
12148
27283
42433
45240
29617
88985
46978
97335
66765
2924
17736
79919
53896
80726
88915
71440
78313
90538
44008
23771
91815
31241
83464
69400
96307
20180
42313
93878
39723
34977
66515
86261
50030
67981
61961
56113
77682
30952
4369
49932
38526
50293
35842
88037
67562
61921
94085
33240
22919
90828
88328
27318
2422
5698
39571
26364
74050
6703
2439
34451
68855
33956
26719
22540
35259
90525
16780
88300
46770
19627
94988
14889
6630
39099
27127
21921
96047
75668
97159
9727
99931
87823
42179
70388
16569
52235
43051
63217
25231
67414
89888
24046
59413
21262
51236
50184
68870
57447
57178
6999
31576
94996
13606
73575
75868
75659
95580
43995
71745
42299
65983
13801
93111
32804
58275
45887
61997
39048
51669
95790
52732
18396
47756
52733
40428
71112
83736
80330
68458
73889
3996
73066
70999
46237
51664
3348
97625
37050
50017
26015
22440
18379
81401
15665
4295
43753
88450
66355
44391
37418
19010
31380
9319
32500
92878
53595
60688
86440
72823
42027
31805
57906
21348
4879
98309
45383
13746
81797
13951
40410
79540
25631
73974
55299
13482
78914
74197
37118
4001
48598
71561
61726
48432
4174
42734
95793
17410
45549
86311
10347
29926
24662
25928
65809
68243
80149
36334
45448
14145
4441
93843
6420
84249
77751
76759
35038
24438
98856
54220
13828
81601
18040
13031
62312
46447
66508
37069
9875
61787
80012
72163
64745
49163
82993
74383
24527
55704
61156
32238
30834
18796
51163
51398
65896
64133
26318
32419
51302
26798
74345
61417
76986
46888
44845
18543
23502
60627
23450
78790
66785
41006
20866
49808
59398
30485
23536
25080
39227
28023
87242
97476
30886
96156
72898
63973
69719
17600
47594
69465
75295
44603
92576
52481
83795
43596
66776
48850
96337
82178
81357
91788
56249
10693
80572
69135
7212
29785
32173
58915
659
47759
91662
80846
32775
14381
57212
2063
48443
10616
15401
79420
79742
12434
97392
35270
17580
67821
82582
92727
8477
12735
71085
71483
77
14512
51591
16359
59737
13918
61387
74988
20590
3787
119
39395
17709
24056
39547
16665
93677
37441
27985
36167
37907
18584
17888
64507
53744
