5198
16675
19551
49576
21360
24617
62911
20225
13062
52486
7160
94992
79695
24514
38674
48332
67481
41938
40209
57058
65210
82530
7767
14948
22926
49893
30618
52962
11836
16558
822
14900
92744
35418
49026
72068
1840
33810
91290
63295
83481
56235
9795
99734
84962
63653
98541
20492
25421
864
86188
86414
87720
45314
12850
76508
14048
19963
9987
95429
94111
69624
16667
50885
18101
89071
85296
30248
85688
58262
946
65500
18832
42717
15339
74581
85333
67859
50071
41452
81004
20876
8846
24993
2566
99095
77536
26424
80445
13954
43495
37142
19982
1048
63839
86646
94305
16521
14441
3453
70591
69858
28501
71519
96620
2970
89601
77039
76433
93783
47760
81193
54186
59748
56813
77594
9937
7636
98975
25813
81633
93734
42018
98878
91387
20100
47945
16337
48594
9790
56450
40390
26581
32883
80744
83919
72853
21743
21803
84241
51095
49720
67867
91568
16905
56413
36216
51920
40101
93941
99768
97513
97729
6937
73054
51421
17159
21146
38881
77428
86374
52830
3019
15354
16284
71389
51616
11651
42001
40682
42112
73850
1471
56495
66306
75456
72117
87103
29971
40296
16026
9428
89463
80232
25285
56022
73650
86099
60282
24997
34115
59075
45531
18962
68158
29864
90087
30404
57781
59893
38733
62155
68042
1630
19708
90025
72452
63391
4808
51330
86219
76480
5988
17836
2846
68214
16293
33357
34147
7005
93928
77369
1734
48265
66188
30917
64018
30607
54147
8106
97009
80352
54021
60382
1795
1790
36822
78184
49374
77574
22662
34022
65589
55737
82570
28581
13603
51711
50376
86012
76120
87285
70102
32146
36185
8009
82573
12182
90434
30660
67899
57971
46458
30885
56352
94726
37732
55805
52788
78057
40406
67156
57411
75917
93529
11398
83219
21228
67283
25360
33656
88472
96916
46732
45890
36724
84316
12286
2042
75904
24620
73063
60409
46050
2762
88355
54410
59487
75152
39514
28225
30066
27000
18694
91764
14659
56166
4590
15262
28651
18266
79511
4534
22387
90253
24999
75890
36898
49431
13713
92073
78190
99338
94388
12201
41483
35365
31931
71736
90152
25431
60967
92953
62313
83628
46404
42260
33107
37965
74592
90594
8591
50770
2279
99507
89680
12041
93096
6471
2291
15919
68068
71409
15042
40750
94226
90353
98385
82482
94828
48289
76300
35518
66628
80488
80480
2390
16733
12620
62281
45638
78979
47332
44201
18087
77108
16396
55652
18315
10927
59141
35592
12530
87688
21533
86238
26014
15485
44751
61992
38286
64735
56849
67894
84898
34356
96408
20475
9939
28947
86887
75022
66264
79449
31900
3005
86965
91531
89019
18987
95693
65793
2658
41674
61162
25766
72166
57543
30977
72262
31035
61546
15564
6225
19804
83270
22872
55066
53693
66899
17895
76614
90807
57241
80998
48069
94622
61838
82900
54207
60956
53243
42019
28598
42604
98480
71556
24581
10520
41970
85200
93992
67698
29912
15876
32918
9891
7534
84474
8493
47205
78093
70170
46872
11179
99329
80775
29305
80935
30621
77222
27976
29612
26931
19379
47197
35043
60388
61381
87247
60303
73423
83072
14041
77716
80888
40433
57164
79877
87260
80937
52695
37435
13191
36934
39086
51673
69789
30202
21025
37410
65873
61319
76636
3393
94364
86208
9203
6797
61302
12832
11673
38199
56152
86167
42810
56264
95373
89245
62740
7475
47779
66631
67812
7656
32116
86458
36603
52840
49535
63996
94609
31843
14719
85487
27606
76385
60584
23885
32841
51668
64190
75167
81869
49372
47997
63668
37971
81965
84920
69357
58939
8114
24370
90327
73362
43565
3502
81882
30601
60344
97708
16721
74627
46106
3539
17756
82755
54237
94950
62817
5710
87880
32869
4321
57144
66049
63895
52769
58975
28740
93275
39512
3670
7321
96097
23533
55873
40869
91560
12972
45230
87882
79370
11659
42957
46318
58389
3813
66102
42160
83278
60195
99852
41378
64491
48297
39998
70003
80407
79953
34535
36828
38390
42148
20520
31987
58216
33437
25720
53589
7106
95177
99289
63520
49091
84652
12749
5134
31401
29967
19223
61064
22131
90414
65564
70153
41763
14001
4116
5136
61756
98507
68483
81325
12995
22771
12840
12096
52996
72253
16179
47020
74966
7406
35040
83377
8068
67090
25691
19198
86834
6705
4794
55690
30755
40350
41189
77201
18820
26179
20161
96008
41507
68260
85814
70135
42635
65219
50838
97344
9988
60206
66635
11947
30274
68915
92865
65606
82192
16485
30275
86365
32543
30595
32022
96236
64223
98636
54214
56271
57576
20528
15251
93192
38284
4868
86265
79598
98445
84459
17760
59761
87345
53271
4980
75042
94649
85042
18656
42131
32542
40078
12666
90687
39894
41471
16621
69466
77191
84376
77554
69730
45830
5778
15760
25158
57532
5687
47762
83082
59995
64107
95638
30945
6012
49924
49591
16089
25239
54324
59635
41393
13098
91619
22372
73303
33404
67590
27885
8635
10345
56241
46086
65384
76914
64673
25172
27640
43314
6151
77172
84709
60988
29169
21796
32218
41041
44686
50744
7100
80183
85503
9904
63000
58979
71068
48378
80454
93612
49911
79964
84371
44905
32243
76268
25061
82420
43966
93186
30449
9571
21065
32631
24121
43375
26731
76298
17773
98416
16199
19930
59308
42290
6183
86340
54319
21171
59033
33272
63357
70497
34503
63359
80602
19686
62220
52988
28391
95841
78550
16316
51820
90345
97229
75232
58738
90660
43321
78155
6566
10744
36222
9663
35226
68672
49193
14018
23883
93943
69557
99237
60077
20341
24534
53953
82626
14507
69677
99024
71130
48529
47055
57909
61046
69613
8731
83882
99315
32866
79185
15555
66640
17435
15513
11097
38389
61286
19179
98052
60961
28053
33168
27210
12502
21724
60846
32965
55577
47028
57195
85898
70016
44307
58768
87308
78118
82564
24354
60734
20482
30193
14715
90433
84602
84881
22627
84698
40713
16324
89725
18966
55968
73103
14481
61299
64941
18739
70340
16154
76070
32334
17383
45993
60268
10181
51043
94898
20390
31654
42571
24050
70313
23174
92514
45415
62404
25961
11276
82884
89136
65602
64502
26636
62590
92330
61033
98995
43024
87960
60141
48658
32130
25973
40482
75797
32326
59970
76923
40347
90427
72507
55560
82756
68284
91438
93280
36414
31046
47502
82088
7261
21898
3603
68801
17808
53872
82924
10588
60395
64193
40584
7683
67112
30962
49537
15807
24541
76899
85703
58447
98261
88921
55764
63361
53129
58373
51379
81067
62593
