31797
17956
80702
63339
98616
86136
30219
38078
12384
76499
27290
39122
70684
57215
23869
31660
55047
87948
69263
56048
62819
17390
36316
48521
75929
13400
37819
26727
36199
52972
64015
41547
49308
64526
48670
2030
99439
99582
58270
91541
77884
18277
53454
92152
92609
64985
83004
76302
17059
23114
41116
60559
58912
73685
97781
35209
52468
45756
13512
27594
68061
82
60849
76349
86137
30713
70425
47697
66198
54606
77497
42681
66587
12938
73274
5360
96435
62508
43040
2346
33420
134
47737
41599
47282
33636
39264
4488
35279
20274
26161
13871
76059
68371
83627
91792
5563
38197
35215
86109
17112
85097
23714
68660
18791
29863
9119
29739
52906
47939
69854
78275
18033
2147
80708
15461
66149
33185
12404
7175
63724
70894
78361
45023
44972
73616
45214
68231
57895
48086
6511
53352
27997
88075
76863
96969
64128
47736
43739
31391
26030
78271
59162
79522
484
2057
57290
98767
85670
30416
354
98435
32714
85818
29230
51418
70863
51984
48457
25430
93304
3653
95351
85416
93044
82229
42168
38068
46791
85455
29039
50577
67192
58834
25292
42699
37717
55464
46985
38256
93823
88508
26896
9964
92890
79629
30854
15552
64800
73427
66839
8539
20512
2180
15746
77867
25874
77988
26782
34227
13852
96214
65026
24842
99521
31078
94594
71252
18257
94953
27503
47267
95459
75722
69912
91019
53298
50566
44222
69747
528
82273
67180
67240
93667
10363
85622
34000
12619
72105
15983
85155
31655
58153
36993
73982
32466
20218
53721
49827
57801
19887
55433
67742
96092
29709
98338
99539
47605
83986
31839
32140
57341
31205
92929
11564
76388
38473
95865
40439
26712
48516
14035
87673
41460
91593
18168
1050
28372
61830
68596
78151
63190
68829
13084
71959
16041
48549
90948
12043
93162
58549
20524
16127
22587
88543
13198
17192
52208
86638
97986
715
99084
52882
9276
42611
99886
94985
3788
74302
7362
81029
32462
72548
83866
62310
91320
93197
79698
27040
747
76182
86906
27761
22395
30428
55415
9120
1079
20797
10423
65682
4642
8422
72004
26729
46172
97500
82429
12741
62127
61816
12590
39191
56502
63734
18854
14306
11499
51686
79546
91383
28753
11519
80738
20002
28890
25113
54580
78245
4023
3297
91540
23784
99960
57177
9986
86891
88730
4607
40929
90703
49442
76245
22107
32410
38112
32321
77589
31561
77335
96875
51013
6582
32308
93459
31924
930
41303
48813
73273
62921
49309
43516
26396
45786
72580
41114
15700
6549
78173
13059
48786
3470
23287
44511
33931
22998
80485
79038
58113
64904
70870
60561
55198
61820
75130
64056
33218
98996
1443
81671
45594
87886
23930
14100
9017
96718
10403
93971
62487
64930
40039
39699
2544
57638
44789
6209
4280
98423
44608
75654
97298
4358
47203
95007
25828
43719
99714
54597
88452
73996
42829
12537
84286
91004
40982
65665
75660
1738
76214
45087
50687
27698
24080
73826
52534
60025
61234
11650
44849
6017
18433
21153
17203
27497
7025
13159
73351
41317
2217
10287
89858
83906
54900
52414
35130
44247
93204
61736
6525
72249
94745
3002
29801
47490
69882
80354
73190
26188
49564
44153
31543
91497
58445
8039
32069
66729
14738
2240
43768
19188
48657
75775
52591
59917
48301
33955
87589
75635
66072
67277
33315
49130
11795
83767
85212
22394
75640
71499
71259
97130
51586
48138
45867
39285
1518
16300
13833
95265
25618
83344
12087
19676
4505
65028
77787
97523
95911
10734
41008
15109
46015
49821
65656
99610
24644
89353
30985
40431
36427
22687
89869
2458
1609
68983
13873
65845
24474
36880
88298
50010
58388
99047
1648
99892
1650
69541
69983
11816
15419
44397
10935
95203
64856
98005
28990
44092
51547
1725
29788
79574
50586
12363
28840
16437
57546
22685
13100
89408
59392
57871
49669
42278
19339
84817
43198
5787
65869
49968
97171
15895
81565
73688
70059
29839
2950
59985
48721
43513
76308
53899
77911
43800
16171
52272
66586
9229
48780
77882
17953
13169
22921
34797
2763
76981
97404
67656
38067
88903
51246
42808
41955
76546
5833
89349
52137
36061
37990
7935
17963
31189
43595
48472
97480
91071
72073
13220
2045
99129
41219
46820
58807
88571
2250
8343
84173
99133
55200
72243
30721
69193
22862
32275
19249
58536
35630
22114
42631
27234
2143
62250
45100
64210
15537
50380
48004
37476
27212
11785
2188
95506
39026
13596
7867
81582
95913
2584
52595
14558
68912
30650
39063
14043
25406
78735
69224
90496
41723
37250
16361
43577
91704
46867
67540
22965
74053
28994
19790
82055
89867
67052
60931
28447
70237
64155
87626
28969
86344
81141
61448
54627
79033
87154
51416
9668
43660
24736
64074
28047
37299
13985
72783
46662
48286
79737
83448
68254
2512
84199
87477
52174
23619
81479
47612
82696
9565
43778
61040
14371
57085
60996
48778
15656
22229
9308
36121
54411
10000
8797
40955
96670
29081
95764
48098
23719
4095
33451
91145
63455
55890
26309
63937
64989
61359
94711
66031
76293
29573
2709
61709
84380
20813
13837
65755
32660
39603
55019
7714
32912
69275
38883
82275
87732
75961
87937
23834
29162
83415
95946
83801
80925
5968
30631
90822
24944
81972
63369
50938
82955
65106
60299
22331
22604
31487
45180
85527
64140
80669
61412
11952
18325
28819
34482
16607
27012
63390
86273
78508
58325
71401
91592
63877
35958
28152
7267
88599
59104
72482
3140
77298
17959
87834
15079
15930
84900
83256
79094
21057
23416
28327
74722
75363
45886
13632
15016
9779
8899
56610
33740
20478
35828
85881
71563
82149
74809
62000
3872
95557
35203
3199
31764
49855
18847
27399
58822
90308
26642
49211
75463
58343
53316
93951
97832
86131
59659
58478
65520
28388
76036
34793
93740
7257
93790
91957
23166
75771
56765
77321
97280
76317
78224
89174
31828
85464
27175
17404
91169
16292
88711
7588
66255
16572
97858
67369
77919
97119
75019
16178
54377
88911
93457
47440
57724
35127
85891
16984
84305
28019
66009
21226
91157
58481
49974
3690
69938
45363
96436
3748
7549
86384
11207
29570
97966
70616
78830
46924
4296
38806
73673
55073
41659
25764
75461
34092
50684
91845
9268
75882
16079
37855
40843
17530
73705
78955
84874
20169
25549
29562
7419
58587
73003
93680
44667
11607
42978
50365
17004
63514
12932
71219
97321
61581
88567
31829
92748
53839
32149
14672
19167
29810
9479
77443
52361
14483
79273
4220
11532
59396
33611
