76404
19222
57885
78297
92271
2084
13672
370
96101
40761
17175
68590
73950
4751
226
35421
29421
87115
80395
35820
70746
30874
61006
67727
25508
12686
94864
83714
48288
7008
52221
91108
7975
22398
22748
16688
48733
19504
408
54872
8928
30745
16473
44279
2792
26240
46587
73366
32709
43711
13328
4771
15647
466
31234
9003
92809
21502
27358
51925
47448
3543
5145
53245
28169
65192
95642
23377
1261
7444
29447
28950
581
19078
52913
18360
85192
82031
17055
37913
93910
16772
50639
8952
55915
8386
1845
50515
48976
61553
8155
1878
48023
676
27198
54211
84771
31174
8267
56039
35218
41864
36583
38299
64050
67829
9493
25704
17848
11756
87979
70228
23655
16195
57259
82358
16595
45921
63810
15934
18078
70504
46362
97259
62212
21609
18601
90017
64877
68312
84907
59494
54873
50341
69189
69356
14304
88499
37846
38979
83814
13200
31389
12136
59309
93027
96240
68557
72755
36802
63138
99691
22930
10241
92120
18827
79016
9733
77686
22425
95511
91101
7516
78679
70022
39465
93205
41768
32250
85920
96683
71362
35997
37353
49590
2086
10401
29110
65592
39703
21234
70113
29279
82652
45020
44978
23917
15333
99847
7519
5336
62517
70947
88620
45173
51188
2600
99722
61857
95590
59647
89288
35033
87770
8908
32154
69197
7561
71374
74911
54717
95926
71465
74492
12442
83389
99793
51456
70467
93747
8118
1749
65939
85518
97221
19729
59080
1684
42358
48863
31365
71800
48163
66534
68229
59284
39304
16346
4274
89779
86990
57372
21335
65013
79450
26394
47248
43436
70034
28154
82600
27060
31974
3923
33669
27392
64827
88510
84427
72901
25532
59688
57964
28457
20922
53464
64312
60446
30141
9829
13975
80948
41026
33460
77928
96899
75609
24691
98555
30187
81033
19420
23063
5913
62063
87063
13896
46992
99955
53524
39676
60715
59031
93106
59611
2548
15782
79424
60530
50595
90820
16296
51791
88004
22492
48160
98418
20173
64975
59453
58056
84295
35647
3655
16005
18685
16155
19300
98901
67577
46506
16257
87251
4610
92969
69003
27504
43801
8821
91947
29165
11325
40624
39938
8948
40549
35160
31398
83447
30937
3290
98556
50589
69385
59713
82440
89362
23160
78306
37165
23077
8279
98186
83579
3906
94438
27186
84749
93356
41877
13015
6234
22976
87376
9567
92252
4109
83130
30847
74361
74090
84164
13816
4456
5818
76060
57735
83078
40647
9337
39737
94893
95808
7171
70357
21084
88212
64354
44550
86923
40764
46249
48764
20574
7102
81885
11483
38287
42822
49320
14456
83903
36917
88436
89847
51535
63853
68903
48331
41261
57376
61002
84253
21797
91625
6912
96648
15066
12652
31875
17013
60348
91394
14123
22572
96086
67151
16435
41656
88786
97640
71542
92952
48874
73173
78671
96931
57732
17056
1516
37845
79133
54247
27855
98264
21878
51729
39180
31533
86641
16471
97458
54555
54179
75628
34594
80806
49846
34540
49371
95719
14192
48409
56137
16520
65728
38818
8860
116
94115
68153
72331
8455
18108
47007
3045
80878
17250
85457
65157
29725
72577
38001
33721
26466
24502
52861
4713
7296
68840
93939
37669
44901
28061
2231
181
42071
10745
19959
37553
75884
43866
32850
62763
79436
60950
30481
3293
15686
13273
74326
36321
96673
94958
32648
97904
70647
18952
2403
15824
14845
36001
88136
23562
62543
68598
32520
45953
16219
45416
80638
59954
89059
40981
49491
65409
18834
21290
74401
81883
46621
12126
52145
7351
31509
87504
74802
91033
59012
82288
43255
31940
83282
27254
41623
62207
56205
86546
84504
11335
32338
53753
34105
48026
37239
95935
58603
97748
69491
53486
11455
75624
19794
83707
56754
22939
97796
98848
88655
75097
30782
39347
19896
35936
94511
48964
53207
6605
50608
10012
11853
18181
80975
6914
76050
14167
56104
668
49439
14049
33316
92309
16372
51842
84559
82788
1980
90155
64230
37551
91476
14083
32477
72619
67578
7789
46711
75384
6803
50956
73162
56787
20404
89361
74738
86125
36400
37963
36945
20233
58537
17343
1665
33859
62005
5230
42674
55069
80057
37255
13522
83455
9553
31859
21875
38699
80698
21273
33659
17174
88232
25932
28100
79415
13969
21927
93312
51027
97569
10315
5455
46989
77437
69370
4559
44985
62146
3753
11971
71777
79083
97289
43960
13349
30381
24688
92157
72909
69620
95088
97312
38587
28799
61657
99674
23203
81747
68154
39950
29383
34406
49681
48853
88935
74140
95770
77313
97219
84532
3078
12625
54700
44833
13406
54965
26818
69943
89126
26302
69826
73342
54053
53248
56946
42650
86194
54820
61143
51987
37123
64935
59497
81573
55183
37871
31084
30724
66349
80363
31781
86256
20396
56912
31934
25163
72753
45985
1305
47379
57683
33204
96904
58925
69062
61036
91192
65553
4842
34020
44804
25275
97004
8393
11602
23805
64097
7018
38236
18458
75305
63504
6181
12269
94685
25237
43141
30887
83718
7929
70831
95816
76455
32656
53431
81815
45478
47839
88372
77804
65948
14942
45711
68430
76241
89843
69906
39871
89170
18851
72322
23813
952
99226
48142
96629
25570
44761
20968
20814
21672
36613
90789
1380
76922
51635
69112
14255
8600
86308
24063
9085
9025
15961
1809
93126
13303
70636
56240
29272
68313
61315
42726
97620
42325
14040
38244
92899
96547
99228
21616
89238
37750
55678
70849
78563
29547
1092
6240
85955
9767
28952
52845
65497
93613
49098
83773
80843
46471
63538
64196
33903
47206
4069
98799
37102
33395
88790
73660
14689
68259
21023
50059
65467
98974
1198
22826
24185
60619
38756
12295
72086
63522
4379
44467
35995
80629
83153
13578
35036
65829
42826
57519
60986
20555
59470
70985
26431
75346
49264
29685
4330
30979
62323
16460
78751
15989
16259
5636
27191
65745
15097
94599
96243
64277
58584
43759
86544
25499
70933
24295
8673
69571
13069
72377
65724
1353
23775
83146
17572
37772
84557
1375
40623
29446
51177
88847
69002
89451
94430
94704
69365
3404
96878
72098
6035
6182
11603
78754
52182
79486
33042
32166
63731
60957
82976
32316
7088
4730
61929
63408
63442
91959
57752
77404
92395
32001
78226
7360
81725
50685
10090
11736
1634
71209
81910
99812
12791
1572
73964
55991
29105
54803
47341
21295
60811
58538
29435
79677
28285
27129
50442
5240
76473
88455
18970
12122
16608
58048
49666
97919
7503
75215
70110
45592
87709
98873
14274
94079
57269
50965
