91203
76481
96765
131
31670
2821
32522
36883
84597
68700
77158
25680
91585
37942
70694
72788
21583
81583
63079
222
8100
27133
77353
90172
79681
26988
24491
48905
62406
8729
68093
48822
15195
28274
27817
45772
36069
54996
42937
7069
78157
19731
311
29848
10845
85300
55726
3595
25716
97463
87875
22858
64003
18303
84975
2727
25810
39009
65651
31251
94534
9905
61449
81902
56934
2805
98403
60047
76795
70209
51889
66636
48891
72663
84967
50470
89491
21540
10677
23052
57657
55148
27072
18448
97409
32900
78710
37176
54316
25323
81285
446
48181
74615
54757
49145
61673
48792
46115
45472
38318
15376
36951
7951
40625
64327
41284
87757
35312
1521
34082
84040
61574
77182
532
23540
49001
9047
57480
90693
28112
32746
75683
87594
73639
68698
5078
11072
42888
30590
31838
44164
25881
26093
10447
90369
84794
31319
27539
54075
46227
80940
22314
58192
59092
10453
94414
67827
2358
61332
99884
911
20379
84074
6550
15275
96776
73231
39263
17182
87476
57308
86846
85847
40331
68754
13733
49240
32303
79825
1474
97677
9004
77610
78863
54953
30757
77136
5589
75274
21212
29545
53695
49733
99668
96324
73439
42988
13757
36916
23699
17851
4762
19818
830
71139
47909
53161
55903
90019
31490
74085
49440
16798
65072
92367
32966
78980
32220
99078
33965
24915
20600
931
52092
69219
39541
13784
56132
39478
81691
58763
10491
56038
978
90509
4940
89098
96412
84776
55816
88777
77537
77781
93342
19132
16904
86152
47977
42383
90896
72569
15691
56917
43445
11419
12715
59275
67027
5982
1102
69811
10748
19308
94575
48368
37161
30511
34792
27220
27754
43961
29306
64943
89976
78932
96370
52189
16398
2782
86042
92624
86018
20742
25023
57139
1211
51928
94411
6806
77876
37356
63327
16838
92923
21503
45092
70446
8915
14829
75867
99600
17268
64539
37623
80915
96386
68699
32030
54232
79249
51104
40672
51408
40003
86898
9596
1422
59444
33371
67417
1436
28172
49342
27823
92547
50805
90195
87072
98700
41782
42977
43836
59860
87143
67884
95055
39582
45871
5087
68283
95229
96651
31074
75780
82704
94564
74413
7814
2114
95207
71118
67518
17810
24115
39499
84700
90829
60215
54847
7821
59989
16055
55155
45211
39196
20004
15073
78730
96508
69322
12649
3001
20610
35439
98831
5277
24994
45815
62032
94075
63594
12513
96452
78761
20959
47376
20318
3055
87051
13964
67669
92050
19658
34224
79650
38015
39126
35213
1787
84214
27947
11539
93806
97055
51936
41408
76790
39943
32132
54709
7443
47958
85989
15775
78567
23471
16139
2644
62178
10606
15695
21346
66561
29294
89094
65058
14282
41997
84003
23640
91332
17874
6411
26022
97767
44653
78927
35372
42344
3814
68375
23076
60859
30902
27245
53717
85349
53304
10941
66118
35428
6968
26770
25598
23731
15596
4333
12210
53462
72711
60497
48402
63010
23558
48365
55110
50749
91183
95189
88619
82975
97499
3679
78729
14453
85666
62315
47802
54198
2268
52261
74930
11755
22219
36863
12871
47351
51231
68609
30570
56115
6671
57202
30930
33706
24325
84382
66114
2400
4041
80980
56793
70900
89083
54216
8495
42140
72616
51703
48775
86154
93199
17884
84632
97398
12820
44797
16043
60736
93175
58387
93076
25453
10388
25555
97261
37183
48390
40974
59056
27460
4581
99411
60720
12742
98420
47799
17628
59215
53164
91085
98031
71755
47962
52844
7573
81619
69667
4035
99522
42866
70752
6610
63006
18515
33219
86086
57418
9038
10957
96870
21613
6744
75240
69444
47770
9472
6853
61140
19422
71345
83844
63607
42122
22279
36054
39697
92130
58751
11648
4273
59581
56668
96013
34706
14265
89863
7568
72091
3133
96184
63705
87262
57424
92637
10870
60159
81854
51538
34104
32026
16388
15296
38246
20645
60650
54738
34818
54785
32602
28531
34623
65846
21414
7521
85848
17712
73374
63554
80369
9661
81823
38601
39007
33073
43350
70142
3715
4568
73395
82677
34097
26500
52640
16670
7627
75350
10416
82933
92824
97930
95765
27600
76747
35645
62745
37119
99150
4452
47640
14269
63499
14964
33794
36314
52822
3962
92303
38433
26225
23709
63572
11258
66462
36465
13792
33688
6826
79812
92363
77943
71948
79634
70810
45942
98357
26724
43928
26780
73531
71385
35830
44899
47695
52495
96567
50130
5925
97241
13189
34423
23046
60899
42016
42234
59419
21866
56360
56891
77444
52447
20074
11437
12089
61675
87211
87217
47353
9430
53317
57598
19291
67502
73857
4741
12584
31061
24321
82507
29343
38889
33425
11595
17992
64862
86675
88907
92641
54532
7330
49432
35140
16897
92833
33703
72039
72856
42021
37914
56187
50231
18386
38600
11168
96250
96594
95445
47948
48279
18769
88014
41602
77644
74252
68376
90425
30643
16039
60226
62677
65674
5963
89818
67137
95129
73704
83086
92529
58477
19121
69603
78048
68736
77850
39493
35192
22334
88170
13854
10685
76074
87083
63716
65935
55926
15600
91624
48810
69120
42230
69508
64542
73482
59435
38943
28127
37394
16544
41078
45041
46759
45683
32034
42587
32340
18056
98166
8367
33756
96391
72390
83503
47544
44246
34309
46117
69348
30054
63955
58482
93865
24254
66784
92635
17288
31458
25942
79838
93875
11643
37020
69241
84233
17904
21130
8474
14103
23713
25966
4633
23332
55667
57507
45561
45704
33300
93545
51731
62374
40
22124
64772
29576
66280
5333
48112
41504
86664
37636
4700
8898
93183
81822
14767
93035
11671
77285
62203
4523
3495
53554
48894
15381
74759
66576
85884
98273
44815
31787
42174
17867
85724
77241
44539
99282
2581
9704
35511
25688
76007
36065
19317
87592
94611
68905
499
53101
11525
6832
25424
69658
132
22690
12180
586
73749
88434
45528
39379
138
55079
35829
91309
94528
71712
32216
83311
1992
37927
27968
49181
53289
98231
42064
79291
537
95867
12697
85470
12321
36838
48705
84055
41165
58686
47186
178
2364
13089
33930
79134
84692
48239
27176
77343
67551
36082
44033
55126
80598
64408
11317
23764
192
48104
16860
38934
50467
66320
39885
58769
44766
4272
59105
64567
42607
95479
27782
39918
1209
88926
40084
98759
94727
2631
55097
17701
36351
13968
49978
3805
61799
29988
23055
64758
97057
86648
21737
74428
39420
23214
54111
89918
48643
36986
79985
52692
59526
3372
76014
47595
66252
40744
41200
3882
40571
39097
44245
65619
