50291
29900
23667
48945
92373
17099
52366
12639
94636
61131
93530
53666
84726
65000
57231
76924
76977
10123
10649
10776
43003
85000
19885
56681
88490
57830
32894
6203
63661
12168
63211
29696
76438
85294
31393
82866
68586
7853
9206
44678
87860
42721
64684
30741
17734
39810
29301
40858
79548
86343
41466
21467
64634
98900
94279
88484
43021
68972
71899
86399
38221
95077
62367
13419
38807
90061
81556
31139
84503
8872
60155
66948
41464
82187
7509
70163
85105
39466
94920
68637
96883
47868
41022
46601
44581
40998
57553
19284
10457
96459
57396
72368
72314
93040
69300
81350
29364
51213
84816
16824
65406
8954
59486
40165
27954
75985
23025
27724
42629
66257
26716
20932
12188
97254
36339
28965
94068
54913
86089
95494
11467
75855
36105
92243
7095
22224
83732
59165
79993
42875
893
29772
51305
13999
79557
47984
99613
10009
29747
50200
47053
18965
55364
85551
28838
11665
86396
68836
21676
45764
89124
36591
64570
5035
92038
17409
92356
19528
87174
43011
80751
7391
65636
1403
26489
10939
86029
38608
20470
32764
91486
97293
94708
23184
32205
59171
2848
98715
39066
64933
18585
72634
262
264
69502
90817
93058
50792
81923
84282
66789
46891
98806
69821
88383
320
65713
73926
48477
68929
31653
73085
68992
91946
77721
58399
90746
26490
7805
20535
34441
77300
17095
57659
84865
33411
27059
7610
58787
6347
61210
31909
32007
40317
40023
61420
64188
12847
56563
60926
78821
4437
61695
18917
15232
15121
18848
70659
98087
68815
67960
11177
50659
2314
55320
58375
77935
82852
86174
55718
44527
92940
5699
50587
75760
55353
17489
75180
91352
574
95427
6104
25728
77533
65191
30388
42713
631
98305
74164
1036
6087
88305
56017
80389
26590
71934
25694
49987
44882
46193
50655
47607
28186
26471
19458
61088
81432
41801
45720
70317
30182
76962
89313
85234
77337
53545
13567
60193
81074
18442
78580
80196
83896
46848
72468
79447
8456
39752
53993
66389
50980
61631
27100
70465
86318
68994
35947
32416
70055
80167
58842
70375
61891
58706
56732
73797
16123
93832
80875
850
6285
91882
61507
857
73789
90592
65396
78784
83554
23628
13079
49385
58942
44332
60267
15905
98580
76111
33640
98840
98577
30873
11842
30783
60199
27651
40966
88880
81529
932
96306
11717
61396
88143
92351
93476
88690
67924
68270
9440
20806
80756
64589
87689
12421
20867
53078
88742
48634
64131
50767
75190
59661
65790
5997
60361
60011
11104
34125
11619
3254
13950
53831
8708
39953
1122
60314
30793
29941
27621
21235
6763
74244
22355
97665
12053
94132
43260
15395
43484
2542
35690
20893
22702
4653
67494
17359
70371
60692
20567
50484
1313
46673
99123
72777
31347
32616
59247
54975
39357
45369
46360
71668
75903
31196
84136
67069
43033
32261
13998
37570
3430
41732
84851
98179
22763
78308
88799
59197
75840
60149
96823
52613
30250
26444
56452
11029
61193
39469
1957
75153
97985
97067
36251
64036
79280
25992
14424
46630
13884
51251
90037
30269
50331
73183
73541
4101
80155
47758
65908
13663
12247
40181
50743
66666
42834
82930
38589
47627
44308
2321
92499
35505
51201
87286
41341
8862
7506
88339
74804
79735
95064
89064
24414
80022
72835
3935
12967
33581
71922
72872
12536
67507
4434
23327
13834
77616
78393
65334
45469
97743
80684
50496
47522
90486
49450
2741
24442
80083
68076
75358
82585
3511
16894
84833
45974
46741
17508
82878
45620
3527
47296
35612
33077
89328
66229
20685
41835
54190
78204
32643
46367
18665
9022
80797
97860
76437
66051
31425
13359
85012
9863
19542
96601
11347
67994
99550
17194
54478
59837
42628
31946
65751
86358
10438
58492
67877
61151
9304
68679
5635
70094
33098
17205
14858
88246
11239
5295
45398
29035
89275
27971
37251
65693
58195
56636
51357
86744
34118
8882
68141
36450
21219
44544
52698
53321
26981
65616
63419
79942
8396
90517
55814
27952
78242
70790
59775
94217
21491
89380
44744
19392
4695
84646
14178
91671
4903
2686
18138
5960
50773
53013
65176
50159
66169
2745
47700
46750
20553
75517
2790
72469
41888
29832
67967
48215
74281
47569
32018
41313
95105
45760
33676
65014
94402
74282
58302
88080
94245
27164
78484
87453
68867
29114
40214
73227
92589
75710
3174
27031
28654
29054
26557
41494
65534
75655
60368
18751
74125
76304
58718
54852
63033
69814
24826
40572
62477
66612
16561
19036
67944
86604
49631
44831
86193
86231
74939
87339
46845
45054
80963
84877
99628
46162
86742
64694
67638
15512
11031
36089
57652
11846
34602
15798
81468
24803
58705
71535
8444
5404
69636
18620
90756
68787
85972
65663
8606
44996
18119
90645
12460
54238
22118
29233
66124
73491
49031
97374
52547
75978
13302
82865
83386
47107
10531
8668
38090
4593
80574
8161
6369
41421
72277
12277
22896
24696
33490
67074
57770
65887
78981
89284
54891
10104
8651
37494
40926
50461
81330
9248
4893
82964
53813
83800
58578
62607
75458
7124
92281
92239
42847
17901
74457
85730
85914
21862
94291
13074
67675
64807
34137
64764
83430
76606
54915
62886
13885
5557
17201
72180
80703
90060
39437
68723
71039
49164
21861
5252
72484
64620
77705
8976
48035
25831
74877
27311
83887
46103
88205
34556
45295
5530
31402
71419
8511
19544
16816
11117
86354
80652
98653
15792
21532
25833
90773
22599
77904
91798
62294
55132
86848
59400
68765
99199
57921
82465
56662
9146
75481
81775
9592
56289
25314
19235
89455
82386
81720
60871
24905
24773
59264
94791
42601
67442
35961
83958
79498
17617
77994
29302
28882
91491
84849
33378
34357
91864
57771
87192
63202
9570
69156
61957
73094
13824
19744
35514
97115
50339
64383
50364
60673
7170
89928
15886
55706
16069
97618
61195
14280
81803
58372
26953
79715
54485
37567
85976
60963
68818
64883
82667
25791
25853
95170
74535
89469
82058
43712
65477
47711
9606
78745
96140
86352
19995
54248
60105
40743
27078
38160
64672
70481
68505
92696
88883
82279
44743
88802
38274
38140
49064
11916
75040
51800
63300
31470
75811
31478
49729
8162
90296
66041
8338
3164
37134
99568
34657
7365
8959
4650
42456
4050
41598
73993
63800
5941
28408
52787
95460
14431
75332
90529
5786
16275
98158
26255
55419
71201
96715
65343
37758
19175
35779
46419
95442
25851
91327
28539
30386
85699
23547
96942
73755
75675
62693
54633
81269
61504
60629
87820
