260
61424
66133
89274
71983
93655
50937
30150
68425
93092
46518
79237
1675
57466
23606
99742
78441
3336
57937
75371
88853
88949
78312
43920
12282
365
63448
57617
70037
93640
33770
28012
30373
17297
23387
66715
42107
1302
91863
55993
14467
26941
99957
94752
68592
55880
59706
89058
3769
7758
34305
53205
65169
43659
8803
83843
46953
15799
33176
63458
51353
85942
19197
30369
39869
49663
90616
27429
41018
2694
22137
50610
98529
92646
18294
33104
74289
6000
98709
41227
86584
48068
6796
64863
34692
98356
39650
34398
96676
14732
71704
31536
10997
40931
81412
13940
53540
50489
10273
47070
67209
2675
25128
39537
68587
84087
50849
16117
80816
90389
558
82211
8759
9631
33849
39931
66716
76758
76152
53991
2060
99797
51284
94409
77732
15779
18825
20264
27393
3936
73305
61586
69573
612
57392
20990
56641
27143
72225
58463
74427
7685
74913
32597
20071
98882
54831
75694
18735
86950
28536
38650
84152
76144
47496
663
52634
31932
26966
2972
62800
53823
14582
71693
94211
702
11166
32937
56250
37806
11407
44404
58052
36525
59086
80627
20144
57123
32469
70800
26929
48693
32704
98775
20457
79312
1266
12616
95730
39890
92393
14379
38871
63068
12693
26328
26610
84959
3701
47294
4030
72499
98752
99648
54029
33960
73876
27292
76506
57019
66497
33572
85202
36587
95876
2335
7473
7979
40586
81604
92520
2894
6176
43115
66245
68634
29109
22778
10348
56514
67569
4003
59774
91219
83429
1589
60718
79571
77396
19547
54371
84954
71395
15230
44865
86554
88563
67662
82831
19979
38720
43269
21009
91235
19962
60106
73424
13758
70021
41217
17813
21553
15539
1055
20724
24067
72464
18686
43468
12873
59138
82212
82848
79799
79425
68770
17337
96202
63819
74926
59074
20652
23375
41580
57017
5616
60336
69051
18011
62267
20119
94154
57133
92462
1180
98812
1680
90311
9139
56061
34643
75352
42369
7111
19341
97816
49716
65301
43251
82671
43449
91905
44515
9556
58694
48065
20888
11265
2736
13334
47720
44731
28412
25307
9944
15958
91231
50029
72238
96222
38095
25832
72275
54305
21653
73623
58671
66665
25069
1529
52696
87079
90997
19934
97641
64536
74075
17739
73481
36831
50726
22082
64880
6438
69997
95775
33140
71872
5497
1401
62883
95627
37177
4500
91534
43454
99995
86026
56330
12974
32785
19438
32403
28639
40792
11180
73234
84894
92357
1485
62760
98036
55769
97453
63568
3249
13364
29281
37000
15001
98603
85353
25568
17100
79887
69033
17533
58710
54834
60905
80467
29448
65445
89031
49563
68288
23353
93504
1544
44876
4501
48146
86071
36021
48910
70042
11388
79304
11175
92446
19146
16820
69106
41474
49607
38366
27829
52934
3079
4543
56861
88679
15276
8409
41134
80384
21920
50530
81781
3711
92992
55330
59551
8721
17816
84056
89476
38838
36165
28436
12825
23045
9467
88270
76651
86183
53610
88859
99982
40717
5727
42434
73894
10297
20713
6576
36239
55834
20395
85753
56508
99037
65196
17209
21523
45680
54688
35730
12635
89959
5027
63087
21161
83994
47050
96630
46125
53429
51607
1839
22541
99662
8460
77223
91998
37383
73932
72419
6063
78126
7490
55734
85982
58990
1920
15258
99393
9036
94323
32710
18176
72179
58415
1953
94814
5161
1969
5561
70160
95831
81244
56585
39320
52825
3464
8529
37587
34189
30913
42802
68193
43647
34676
7072
13188
3262
48237
42017
52300
73805
62979
26453
87607
4919
33543
81451
16341
15338
81700
9664
17068
21053
77707
13773
77372
36481
3533
51733
68023
98647
28864
42759
47247
96242
37374
89716
71532
50785
84066
98233
86158
98254
65967
17582
25651
58486
53908
60777
55530
69402
30122
46631
11528
55033
7429
7816
92816
5321
74081
84461
40234
36668
87178
28175
58932
40589
25351
65188
43633
10544
93830
54366
28943
7499
12441
31275
95871
84043
48842
59927
62082
31468
22511
14228
80891
51428
71657
82157
91171
93435
71452
42987
77168
51973
20690
59491
91266
17293
44078
28429
70490
30753
6592
97746
43588
4493
92545
58859
13282
66388
83963
65565
92574
87464
50213
7916
31991
23507
95059
52597
8250
73137
82102
97141
88103
52859
65090
61455
3255
28722
54748
12533
83195
3144
76784
85684
57960
57789
38985
36357
71903
79113
3152
66623
23500
13135
73251
41210
8689
23060
36677
67709
17483
48241
48376
31140
60637
48729
91654
92675
5425
32516
45428
28791
38915
6641
20386
40166
48058
90162
31221
9358
13804
21937
47537
80323
99175
31050
21693
41666
45996
20686
77796
92464
60322
64788
99602
26753
39574
86145
98598
42385
76258
84174
62346
57798
96978
56194
14792
18250
73232
4866
65904
32972
13781
84129
89603
31020
15884
20304
63841
20769
85363
15997
80417
36963
75603
51389
12719
84758
50096
3324
42347
60089
88357
82126
50594
72521
4679
46729
71779
29287
39495
26253
38436
94813
76615
36572
99104
94665
79567
30594
59248
32046
89717
14998
12110
3836
77816
32811
58089
3594
23973
14788
64214
79286
26440
73075
61542
79664
18332
17599
34144
92903
60358
96129
86248
53187
3719
3721
61301
71728
53758
45356
83297
86319
96353
47811
86010
53048
61147
20290
73979
66882
45134
73593
3883
29834
84431
70463
9345
22375
66060
69535
53080
80974
90447
4515
38861
49123
60687
29671
17416
21525
35801
25572
97020
25708
33894
13555
82732
67612
52132
97911
22160
74324
50452
30610
68477
67330
4251
11044
69037
4262
15049
99375
73872
27521
13447
83296
74241
21142
24342
74454
29531
30668
17050
89707
81103
91669
56475
19746
97660
70203
26172
29981
23132
69462
21188
87496
99354
4586
44866
84555
87975
35708
66791
67287
45737
78606
25418
49525
22132
20719
19632
30174
4895
76187
45436
13110
75417
69151
93252
71022
51568
90679
7441
60260
15875
40135
75554
13811
59520
19596
40348
91915
18882
13280
50961
29765
18262
30063
60983
58204
14991
82985
92508
5402
55609
19457
33047
91370
75283
24431
50629
85743
74374
16932
75319
7399
31707
73584
79438
22808
23291
48012
19418
83134
22249
77571
81901
81348
93477
35790
90067
86163
43116
37565
61729
9179
94786
5965
60828
82120
52022
62676
79532
90107
14950
29033
73626
78820
75298
9414
77595
68074
29094
26199
6207
98354
71307
57867
62565
19697
70011
50664
82503
44121
58525
76728
57067
34980
6875
10033
99390
91116
30863
24090
99979
82774
