4135
72016
4241
1758
56120
22520
87599
84095
32891
45078
16753
13526
6520
78537
63534
85422
88296
35077
14477
90272
10670
68824
82023
4029
74026
27496
16508
7724
67911
2113
30040
44426
75578
97317
16719
41935
32731
48449
89499
46984
92405
30589
84466
19359
2303
46351
94499
17220
20292
7847
20954
9751
77708
6460
79707
99408
2452
99003
10947
61941
38787
87341
77855
40226
8232
77460
58920
29495
68741
65730
76689
77522
95377
73222
75037
86037
52162
81899
10633
50737
75118
10701
88825
50634
67133
40285
4803
52619
41827
2843
69235
3897
60888
35273
97879
10147
32694
14566
57982
16418
95193
10652
55774
21242
11697
48712
60283
7423
19448
8428
3242
74554
27922
53387
5097
18527
68802
57491
27258
66866
56356
15981
95879
24968
73682
21764
44695
72810
64294
53913
44727
62571
67088
82815
52680
25352
9928
26656
90534
4576
19878
31484
39803
27125
9896
58746
4010
55613
92412
61712
83269
94003
32083
45463
50618
75373
4314
59001
42795
39667
61591
9633
79302
46500
4958
76895
63018
34976
77065
78160
33053
11038
33801
44587
51041
74517
77565
80179
87121
30004
72666
18607
47308
89410
86275
32931
94334
55516
39600
23241
89982
47198
33808
24588
26074
98821
51918
16699
71581
84065
56406
87068
99936
67212
24701
83561
13002
64012
66206
69011
49022
74654
22012
87009
79160
14159
28916
28210
63515
56647
53730
30
11208
24487
67254
37974
39096
80706
14057
90936
70450
61753
57640
54723
71599
33597
35548
42643
53176
43694
59760
38612
52190
6073
62222
40453
91042
53763
53350
97244
15943
2834
42662
38763
95854
53178
48193
175
80665
70661
10058
29321
85208
85023
99103
78815
29316
80711
46053
52762
52716
578
72947
24819
84237
89681
28400
53293
34805
43651
72261
83276
74639
68406
83463
15280
73323
16074
26915
78510
1111
17551
14543
22145
40050
303
63119
85572
21107
309
23256
42774
26035
8524
39474
34927
69724
29715
96852
16126
10431
14952
77667
33602
16706
86964
29980
38214
1591
460
30561
81021
3730
37168
60436
1330
61779
38159
71618
72772
45982
12615
82547
47195
2880
48251
82068
76663
38324
28230
56365
59854
8271
58452
62700
14353
38654
97669
8170
99088
6586
7902
81713
54670
87728
22807
82684
38442
60697
11394
58244
87306
68161
57147
548
68341
66760
83395
85331
31730
87805
84033
40510
87280
67975
12482
5546
23321
91053
40900
6141
22049
34511
86767
11593
24460
74640
816
83435
651
70436
25771
30824
8366
26703
26704
20192
52979
85417
30224
28571
66008
75866
24043
3524
84523
28265
88714
72372
83908
79344
35281
5102
86104
31633
64514
14937
89234
92188
61604
4457
20937
64322
69986
5390
75651
17140
772
48592
69358
78539
42004
51965
1982
71410
98998
90891
97921
59896
18301
23909
67107
51091
76969
6643
12128
90386
92712
60750
95434
4742
59871
18699
7878
72533
36997
36067
64300
10075
73978
31664
77385
31476
39486
31307
40840
6839
80965
98600
24049
28199
991
92170
98587
80307
15431
35110
18946
974
8814
67597
8610
99544
62561
85147
82008
20900
96920
31135
11989
82476
65114
58775
51156
69079
38898
77875
58458
79206
61205
35066
40099
98993
4374
64568
56404
99252
92564
58885
28919
50563
59756
2253
19287
16029
80090
65801
74514
13612
12325
63009
10161
89578
69378
18465
80900
25780
90362
4999
32715
31757
71396
97088
10140
80334
9394
5646
87490
21471
16181
35121
87354
83665
86783
39186
91220
8833
7248
17653
45449
88609
52186
43529
68925
29563
49651
88954
39049
76281
13023
56571
56306
30295
54843
38280
84819
90177
19741
28217
32057
50572
15036
63525
6601
83131
2652
7756
41651
42908
35803
60172
68777
24406
69732
74716
73356
4205
87790
55129
34839
44691
75820
74599
98268
7750
75723
70048
20151
65414
54032
87747
79797
2288
54608
42816
53412
66410
2255
26643
82841
62075
63215
56275
36748
41783
72720
89636
67788
34840
4930
65149
66216
18532
70989
77840
27907
81452
44443
70893
81566
27487
4721
85859
91782
10362
73450
27868
66774
75678
29902
77365
6932
89838
54952
8960
69206
8646
34336
53200
25956
73018
90416
87683
20207
30564
10154
14524
18083
36292
74472
35046
98453
96246
20791
87224
78682
95619
23766
34717
41789
83703
80863
59129
16492
62602
12930
22305
60305
80601
72951
69731
24973
77668
31036
81631
15699
68577
15561
37070
22104
64201
67385
98615
36228
7844
18893
47901
29553
3741
94880
54266
88698
54807
82802
6666
12827
99607
49150
82510
23892
40472
92414
79562
17364
47333
45608
4265
53029
12010
54124
80225
81663
52554
63091
15565
43461
44342
76331
6929
49239
90184
93298
59510
99257
4313
20974
89736
40606
12194
81170
54010
37149
28929
55295
83611
8836
24805
52793
91046
10855
14244
56826
91461
13874
95630
62421
45731
97184
62815
11771
11088
59236
9322
31270
84415
27356
58523
87526
60471
47246
77486
61634
79104
7629
57524
55649
34812
39418
92027
41036
72502
14542
4370
3888
2464
63459
2472
31563
52163
97138
67331
18560
58131
22590
68025
35144
75743
11636
13798
66362
29712
95732
7965
53460
57614
26123
26332
36083
30991
43153
19008
80840
92145
98390
60419
31430
42198
81065
21889
44592
5178
35528
92618
95412
29515
99058
47599
54443
38918
80338
90182
52759
77604
53949
57536
25459
10781
18076
8986
49190
93306
4554
48821
8149
91374
33166
85505
15598
4580
81365
59194
58754
78931
56366
72526
57065
76574
21320
96928
15736
53090
93436
38805
20402
88603
21720
38564
54259
25313
57429
90230
88976
28066
85568
61092
46684
34005
59529
60328
14818
86702
39905
70547
6228
73703
77507
17317
88992
90465
45427
65927
91399
41690
47788
76871
90938
46462
14366
84809
42854
43240
44464
32426
16910
65391
29214
3220
19996
5917
10536
89856
66883
20096
34081
72258
98132
30889
67483
8294
32496
8260
54384
41610
42052
48481
3363
49866
3378
65440
74841
3704
14062
28852
98225
10079
68753
53824
62429
45965
51084
96079
35741
71648
34599
78431
16786
34153
86825
46652
67713
71473
93267
48044
8913
25215
47423
3668
32983
20658
70286
75012
17579
59298
59227
38571
53671
64325
75400
56627
13470
5117
55931
88617
41719
4789
34945
37288
44842
69872
19097
78374
73969
41055
96233
15446
10599
78793
38494
79497
6895
99788
38769
83216
9197
36130
8234
14073
22564
35200
44547
