30923
38514
1308
54871
20337
22840
39404
74286
7306
44859
53855
71195
89
785
63146
93361
52624
32105
25036
53987
84488
12138
33032
72428
18183
18989
47961
38656
99373
62767
59707
152
153
1541
74782
16653
97132
10452
51546
82053
34632
98641
74676
37014
36876
6048
11900
25178
49055
77623
74082
95675
2224
37839
1583
34773
36171
64431
30374
56972
39476
40921
71780
25293
36170
38644
11954
85911
23005
87021
57940
92758
60271
37274
1914
33888
98960
70597
98159
84112
52712
17227
41435
11988
13177
42391
56302
23205
48690
94054
91795
72678
78697
4298
86730
12923
78100
2811
52804
46451
29627
78416
31417
14878
42399
9060
64102
50713
44341
400
66918
66405
38597
70875
79542
20753
70039
28885
96511
88629
54155
2844
35034
12016
74818
95310
44211
26189
70689
92478
40676
33523
2994
45673
14363
63943
16014
490
30652
66814
60568
27658
15641
26269
37879
68216
41885
55643
57861
47180
57649
84270
3981
59090
2748
53613
97700
3656
77316
45303
14206
93880
81063
969
56291
48463
1110
65781
24719
44964
57109
40207
54068
76162
32755
25305
48849
42271
64609
53422
5861
23825
48435
2235
38740
14691
41822
56121
59182
96414
50510
61907
83112
87579
56884
60327
16070
12478
89625
51245
1971
68462
83042
99366
64138
5034
63145
18084
11762
62569
58252
98318
90082
58630
86385
24395
14383
92142
80695
41154
96487
81316
18097
51210
47568
60144
43591
90030
60428
81702
80531
98669
55533
67983
68304
75342
16244
3578
80675
7367
74142
66871
85579
91430
1768
98578
37862
66392
90044
90763
20622
7566
48870
77186
19850
56148
5269
19569
79713
41299
67961
24857
22754
70441
97981
79885
7396
44689
15025
27678
97932
70621
42878
69716
6266
80919
60032
90705
36432
40959
9349
63330
93340
89871
66876
41631
52438
4427
40094
21163
66780
94439
37025
74049
71220
37467
71293
92904
81077
7221
38636
55288
90812
84069
24505
88873
94743
59265
24750
65778
26009
65143
2234
16526
31446
48072
85500
31457
2488
49875
80845
29485
67400
85695
55654
41740
99504
64978
92197
1020
47368
53457
49032
18881
66802
1034
89080
47271
70323
9315
63746
5306
77587
18822
64421
2614
12272
55120
84354
54720
22605
81024
38694
81959
79339
28796
68177
96025
47826
18139
13981
31492
11994
25748
84762
67570
33150
48637
41242
74172
10387
90574
89221
59403
54553
74810
73277
47848
26299
40726
78889
66145
74511
84634
17670
33385
80070
55197
37398
9072
3223
52669
50570
78281
7363
1206
47453
85693
1475
41207
53258
3699
57992
35237
3423
65843
76291
18794
48232
6432
16811
99679
23674
36766
55595
55091
84137
35503
97018
66554
94822
91082
4018
84405
84871
96102
6336
39764
95650
1310
10794
92205
86718
1314
85456
9660
93135
11055
92371
57186
4807
40438
93374
1365
8675
34249
99146
60714
85092
7688
87114
28543
43649
14565
71790
28529
34486
78956
19897
39655
17439
37370
99119
1433
11297
21577
41964
35942
51549
83199
55369
95727
58205
11133
58897
40639
3028
77516
67611
16958
96751
86562
49274
55883
97825
39322
43399
5038
15812
47554
99100
75120
26829
90874
7908
62635
28769
94981
9053
91099
37364
15319
88896
67566
79759
85025
1554
59257
93301
1959
2778
1566
2998
99015
19092
47556
6334
88121
85168
54400
82666
65250
11569
95192
43543
99449
36808
3351
51313
70928
10844
20913
82612
14448
4852
30297
39252
30146
6639
45330
14398
59851
79826
14404
62481
22054
80414
98303
62342
61165
61650
8580
70223
35665
12763
37033
92044
65888
28163
52116
32521
67614
84671
28832
48316
82917
57650
97638
81506
67554
4271
4972
36575
36443
86624
39372
21387
1801
42390
11949
35731
49258
83159
72978
83667
34049
19099
45474
22761
28766
76558
66675
40470
5857
84080
39362
76960
42884
91608
96417
44069
92628
38766
31665
3562
85712
35944
80852
29392
43395
64687
11904
2931
71235
26486
72501
42694
70992
89835
36079
86338
66190
62122
47563
75696
22024
94059
89817
23856
31514
11986
95470
54653
40509
83414
63830
95634
89555
20372
53234
93437
51581
20762
49515
14445
20618
74465
95512
2136
99344
71161
15619
35701
92579
68104
2975
67871
2047
26354
61674
88593
8625
83143
11570
11997
10963
42402
10837
52671
73452
57846
66599
75913
23211
82850
24881
29737
83027
85794
2128
43263
73822
54572
19015
12297
86229
13179
42935
59596
89005
31534
29368
71420
61781
24126
2230
48196
94394
38998
42063
2492
87310
56810
60332
52679
95612
87581
27615
25996
36909
50312
84017
73718
58618
6780
66764
21422
4540
35472
35922
52724
32672
90737
61326
57550
54202
47596
85510
5844
99225
42946
5678
7994
34748
83234
55511
7614
4383
21083
36614
31726
83334
87525
59009
77739
12385
14473
99422
63990
66301
47879
47162
94861
9859
19450
38622
4998
2501
99268
96851
83155
47419
64251
20921
77076
3692
98408
65918
53107
96758
15468
91801
78105
8854
24744
76423
34616
22159
25176
26963
66136
11129
26355
11392
55386
50738
13503
53174
66482
2643
86679
20210
21999
2660
53115
64534
23447
75366
13272
60819
31015
35906
75695
66289
29989
84213
54284
82579
3574
23325
62393
71205
59818
55249
85790
2974
10867
29163
11212
77748
99593
15685
58442
79335
2789
74095
72534
20279
85110
95315
63126
59433
62452
23425
85398
92914
55044
30703
93253
5482
40540
32641
9292
43019
63957
78460
44758
62164
88237
98242
2906
43430
18399
41537
89344
2918
44919
72804
9064
64747
78273
2948
91983
3148
11368
36667
48105
71043
32227
75703
86688
47304
51427
99369
26336
89309
58748
71680
85836
54679
45390
38247
79544
50988
16748
52130
76017
80492
46610
65984
73217
55514
34697
96201
66680
25276
43972
75161
24607
73928
12815
5514
22025
79352
90918
83802
6009
82681
18536
5587
34151
64960
89689
3166
23795
66987
27227
45609
12197
87254
11935
74657
3194
65481
33991
61457
29131
6561
21243
26515
98819
38460
23705
20412
3272
85938
74559
39052
9066
94118
75217
47625
43581
59862
49247
35285
45709
53707
15031
84460
86015
44095
45724
42411
18495
69280
37078
4465
22630
54890
80657
30288
88214
99477
28807
94746
67135
81334
76411
5981
95409
7291
6598
56617
41492
99992
45973
6541
24196
10471
81122
23570
95150
46560
21207
12611
50865
27764
57298
19714
48423
23978
52426
34029
96142
8292
35386
50571
97158
40968
