13640
6687
35246
67856
13882
12171
81424
8085
35964
17153
48366
35534
81102
44872
16370
7147
46387
22985
1754
28402
81354
26863
46330
1766
6373
49206
10934
43773
84587
46535
75894
25526
43554
65956
82919
46738
50199
21660
68431
13768
80064
30751
16552
99567
43187
18655
54512
91510
13548
43818
77123
17731
56797
89237
61693
44931
4024
1933
16638
7518
36719
16373
87771
27555
47273
38770
17707
29582
44471
50672
97142
57090
89756
99687
62104
7035
3247
87529
39879
57682
5126
54004
58580
50745
11825
75533
79778
63098
94423
31745
92459
19666
30728
87627
64808
90978
13695
75819
21167
8176
14375
66922
63209
14982
62984
38593
68358
99105
93643
42491
36983
79811
36468
20088
37107
62626
21368
19763
46355
22936
27840
86578
2817
15605
23957
52373
75419
3250
92715
5044
15681
87962
96157
67813
42011
59848
38999
72099
45061
11007
14064
2571
6779
50621
32515
21428
33845
8237
4060
73861
21568
58689
15408
9979
63487
47343
95447
54808
16648
48857
95270
78213
25473
65350
61804
35125
58322
26290
73636
38053
6088
70071
37426
25316
11808
34888
81624
64396
21868
81761
25091
33902
16740
97012
43534
13771
33760
27222
94589
70670
15577
97562
14839
95576
39432
68319
58556
71488
55234
55275
36488
3035
91694
51391
58107
11869
95998
84566
24055
70609
81517
16514
57274
61489
3607
36470
81480
68013
38329
18075
42520
27730
19129
40282
51472
70864
44604
89045
43416
8035
55445
25020
65069
20683
13705
65110
90730
3245
47895
74016
14816
34902
40067
26602
99204
91300
28560
21703
90585
16390
32560
3300
47006
8122
47642
58500
89989
76177
36283
42944
21001
81560
19437
34894
66685
93269
80168
82334
59041
3904
41363
26371
36297
17166
89591
78832
22026
70847
93348
10294
55753
42030
78965
73331
30397
6161
25465
32266
16927
21443
98910
10117
43539
64088
26819
52371
82019
95035
96814
60311
43882
72587
61851
59358
9255
82764
90943
9416
3903
24726
91452
16534
92996
72525
24367
49335
14346
66992
83406
37357
35369
37507
81719
30684
76686
70262
42218
49602
68323
90015
28159
95238
44453
98788
25117
48512
63537
76497
10277
76079
97661
96902
47929
6536
72729
19822
87440
36527
90051
10974
88604
27053
47708
33568
4419
43977
54008
73742
83792
70811
56867
82768
80204
70359
72402
61859
42095
88780
45176
6690
59113
56248
67261
71886
38555
81536
74796
14634
11385
58870
49224
5806
75272
45734
90719
49743
46719
77055
10211
51265
40741
35660
70383
75301
8710
10573
28379
56635
92081
34896
58844
31952
52643
37894
92611
39660
59125
8621
52594
98452
91633
93744
37660
34155
26458
94028
70266
25843
73500
97946
53212
35568
87763
92026
18819
82148
39331
72997
52760
54777
5829
70779
57013
15489
92698
75513
35983
24815
23733
11645
44103
81991
18441
80150
76229
98077
53297
39089
11241
65450
33071
92033
80686
87442
86447
65316
33662
77423
95662
41190
96949
44890
11001
79406
11425
50662
24170
51949
47495
14787
7630
51816
87918
64252
39594
75294
45110
46298
19020
29649
46877
96050
51256
6318
88505
55142
51047
90686
22125
29677
34409
21399
58504
20406
69495
94764
10898
15637
15148
6723
18772
96260
79263
63675
63308
41961
14893
89981
29466
51969
21482
48438
57121
35396
54752
31171
85123
45751
39183
12342
40819
39673
14433
43481
59926
48169
48115
45350
68935
49109
77254
62423
85745
75549
96287
8049
82650
96994
10708
25890
32288
97062
35178
28371
8253
82495
96061
54465
60799
70628
36924
76471
50471
60074
98770
96713
93292
37100
8914
96465
53788
49807
26420
82644
46618
71843
99205
11573
9826
80768
73143
65735
16421
47228
57761
65716
25407
42626
61646
64063
43319
82060
30147
86921
29258
31706
44012
69977
98935
17542
38174
69655
81211
88475
26144
99703
91720
86313
40873
93160
62238
96340
95292
54718
95588
31276
24985
81740
90764
18487
92492
63772
57413
70667
72423
90081
20785
49750
20070
29543
47167
52344
48374
56639
57983
37988
25553
66850
30166
16873
51297
24796
48830
72334
29116
24928
83648
17128
59451
2317
90962
82486
3840
4720
85243
14794
81296
8411
14912
59018
55346
86
87088
654
73572
86014
36624
30742
55388
47037
94
83238
56454
28903
85305
94281
2830
72177
14316
87144
9683
13711
82235
91994
28685
54445
78637
33577
62723
46514
30379
20575
7751
57043
13889
26441
94518
48418
61614
96526
14683
90804
77134
58361
95165
13785
32370
55405
89432
25378
87725
98807
21394
41596
31224
47773
33776
40445
4484
42732
69082
58253
16954
60913
67736
3796
41911
55018
83263
38155
28625
11273
31186
50272
75947
95750
18619
21580
12637
34332
25834
94046
56562
58643
52001
74674
33269
11774
90757
60224
29309
96576
34343
53964
4945
57257
11020
77852
37005
12427
69527
93781
26977
7894
44389
78554
15458
56528
39536
65185
67654
17627
74948
18233
82938
53713
26589
41169
33502
98655
72809
19013
37976
298
60721
64887
37804
93976
7089
22281
88721
48583
53761
58003
45361
16579
23179
83806
87431
90392
48320
23317
85650
38961
4961
7189
44221
65271
56550
18134
76537
59045
93887
44428
52077
36263
42419
21430
61570
18067
4520
15140
46385
19301
388
24638
95938
91440
62198
65502
86753
51264
24844
37755
87864
95564
28005
15636
96421
49058
15231
94254
25452
57772
94374
25391
8966
77419
35673
54686
73203
70699
81616
33983
12258
27032
57097
34766
3914
23070
28959
87234
25161
71924
17536
14026
35243
47776
43434
32722
1255
1718
35859
46718
29753
59495
29021
45400
9497
84019
97334
26377
96325
18580
58187
88098
30615
43815
69642
9926
9532
92950
44723
49380
3927
89706
64185
25677
97735
39886
2891
56791
36548
56992
81892
8166
71826
45989
65861
44297
20676
59776
31910
88633
7788
33353
38130
561
8160
19427
38640
13008
76830
41412
89457
84761
15080
51772
67814
72523
13960
59501
33470
69077
42254
37510
11906
58456
75764
45899
50120
17162
12067
96965
89973
59427
79399
61600
618
53835
24362
32062
65504
92601
11275
53221
15617
46386
47240
50455
79973
29362
51999
38977
58532
50321
45168
92505
57559
9526
37613
2481
87007
79152
76109
69937
64631
83437
9049
51560
1451
76655
78741
94074
97365
83337
6419
74730
75745
53466
27330
33616
93704
67791
13130
32772
96658
41756
21067
7389
44968
55348
69969
77550
70108
41309
19865
56950
10557
6345
