50494
99346
55125
5306
33936
67013
63691
53075
39755
62468
46930
76465
28631
66150
18254
36941
18316
99064
12429
81050
32834
69804
92428
78892
19262
40651
12945
95660
9665
89651
43279
61884
73375
13199
46372
56907
41444
80070
83941
26801
72420
62522
58024
68334
34143
8163
71919
1840
12225
94333
52274
93094
87576
81954
149
80202
64694
43664
31969
95719
42625
92227
8255
25043
74384
29059
31275
18677
71170
58716
11955
10544
41950
66576
64131
14294
39511
72255
38153
92610
16359
71754
43614
70816
26634
79060
71726
77020
37703
58325
12010
78156
50449
41555
75451
31733
38054
24100
24823
24475
4321
80317
86069
34086
62459
9055
11773
88961
99300
17068
19601
5064
10518
91661
70857
89587
51287
92442
68756
36127
68392
30867
28206
89060
77306
54974
75981
36072
59056
64573
86539
84042
91779
46840
10796
42509
80318
15119
63759
76949
82594
43944
24953
31855
2124
95877
35525
15353
92449
28896
48766
22345
43586
55853
8151
13186
19183
91445
28675
5928
75217
83126
70018
78927
89206
9698
3499
16311
83230
24709
79473
75491
15688
51276
11997
48514
15210
4769
79364
2835
25505
24244
94124
16239
62814
27600
95309
8006
89043
2986
71334
55786
81343
13303
34068
9175
28944
9433
84793
39460
45913
57156
23634
8000
66012
61227
5161
78182
13227
51285
26129
34096
46996
95892
61632
74680
22206
91448
88164
26661
7608
88631
20736
21227
44867
69399
32858
15363
78222
57974
87242
22913
1730
61816
89296
53727
74594
66663
40821
85057
46812
50940
86195
32890
20108
73478
90547
1630
60024
97199
10364
44029
96864
5989
71345
36815
17673
31474
99898
63154
46166
79971
37732
88264
47081
77368
83066
81405
17346
93797
40671
50858
98105
54318
85305
10580
199
77932
25206
91564
43830
20981
31380
29241
83545
58737
49630
93106
88313
74468
54317
4134
52725
91990
74379
54817
86795
92930
6131
21715
58373
8373
33977
91949
20668
58505
69150
63866
73584
79164
99022
9
5100
64825
42722
40902
61196
6534
54412
24641
71901
82980
10940
95099
17107
1930
52666
88934
54720
41441
444
27987
1873
94021
98927
309
88573
69251
80224
12816
24963
15584
79738
85100
26019
39638
36697
90248
23884
13130
62338
51995
82265
10662
2863
36007
59372
15175
33618
17487
85664
68270
85299
84533
45488
15087
20242
36491
2434
5544
5329
26966
89259
34035
73184
41250
48089
5505
98190
91924
79638
85899
64813
93370
84429
60118
83904
57074
48817
70507
23368
27242
49227
76955
38146
1166
18147
19794
35569
43700
44238
48129
94175
12282
44335
81335
4674
5400
35339
21477
19584
76474
37949
47304
51746
71890
16992
38457
15059
62660
95750
31418
6325
40354
23538
68557
95507
9288
39671
52844
43059
39220
54358
14241
13028
73509
63068
62128
44181
45043
16295
62794
15205
91697
65239
55906
4957
39571
43919
96305
90060
20403
21830
82148
73988
49226
83739
11393
8629
11097
25957
98286
28974
8015
50438
1029
12855
51617
72938
68026
37987
58791
64044
76662
93638
89037
28475
55448
10965
48277
28853
34198
76707
21834
56521
25158
46991
15074
8369
92013
3620
68919
59193
98623
88725
26435
15585
65154
52160
33617
27162
84016
5518
28297
81712
19182
13714
25948
60084
49549
47401
71616
19835
13729
78150
63950
19451
73912
53203
83671
89119
55474
68318
64933
89039
42265
65331
65358
83239
87827
26475
71147
79923
1272
44593
92483
97915
41714
42182
4648
68826
19446
33670
78982
20434
49676
76408
38585
94126
92585
61660
8697
11094
67702
5166
29503
17104
5325
39380
2003
99470
58797
43331
21061
19506
85994
60389
48669
66191
50099
69442
65854
4406
75218
11881
88941
67895
99332
78661
10008
97906
55884
98909
27014
37966
70178
78461
54767
63204
50930
79617
76859
30614
2684
86112
31
97090
23851
39641
66434
74745
33352
43605
8601
64685
34341
39689
53486
50352
50289
8160
21468
84015
16688
31319
37629
95610
43781
7278
4709
63088
54770
18468
64465
78900
94003
10698
88282
91579
19840
46238
53888
4611
80186
61116
50683
60146
6164
13301
61720
2651
4255
78420
80923
17393
82570
42455
13800
91760
71977
85064
45438
25555
50254
64267
14548
7885
79969
91857
61235
80521
82878
44284
85258
89460
93535
81531
38847
16660
50809
38509
97751
89260
15932
68027
24789
5004
51383
58271
48703
99171
24966
59699
46734
82839
9874
5851
5240
63722
33473
3493
68165
87360
74613
74946
28308
30101
12252
82238
65852
91554
68643
55064
66467
40017
14869
19095
55832
74188
55319
11014
13731
54478
8247
13003
54416
20467
96243
4024
58552
56503
89970
54659
3949
65093
42532
94705
33106
10294
46203
9218
15909
47088
90672
3850
45278
45597
23318
1306
30211
47946
9242
78196
18781
27260
423
26842
86378
88310
95958
16146
98038
941
38438
48382
90369
3230
79278
30521
18597
24509
59512
14731
62481
45147
92730
33845
17060
3661
27278
47479
43910
62045
38355
38842
72509
83350
42858
24123
77728
10591
13445
69891
76133
40339
20500
49360
19257
16414
29205
41404
66628
31829
31019
98940
24109
38149
48819
55022
86926
6062
17332
78801
2693
51616
10213
92034
9595
17304
55080
39241
72191
54624
97108
18649
77473
55337
39063
83488
46473
11082
32513
58302
82939
48399
83498
69364
7583
49339
53559
1104
54686
95444
42030
57841
26737
48705
38444
11934
24308
14236
36303
14700
73161
79370
90203
20169
92090
58479
52268
24298
55273
56585
22903
32500
59434
44615
68596
18686
46578
60612
82774
83532
11337
63345
98963
26691
38630
241
91618
58862
81098
60556
1019
28669
39132
15002
82433
39473
71461
79843
20476
55601
92575
98481
61791
12131
88890
65231
99626
30456
71269
99876
53124
36711
82846
2833
15837
35399
87620
5314
33
33629
52222
68957
76233
93056
51935
58272
13373
97851
33109
46376
37145
98988
88152
25694
78041
11175
4646
9234
34404
40056
69945
44550
15490
69492
32643
21437
8925
54372
37970
37060
68135
17618
75232
68558
82200
27561
69648
13802
53844
83177
71247
52876
97180
36518
38306
57981
48733
74479
82419
18063
20587
16160
91361
15796
49994
52588
77471
61334
18288
73349
87589
39185
46407
82852
61953
97300
54408
28575
62484
64075
91055
65741
41712
64581
85466
7893
58193
39345
18718
97676
64949
6868
81414
28274
3348
46583
61804
51244
1325
69052
8710
90032
10665
89954
97249
87688
51788
841
47353
5397
15224
81379
490
35432
83935
91709
38342
95302
29712
18439
98515
75084
37738
25061
13822
56887
60410
93892
50348
22053
43344
55274
84935
90108
57051
19401
58627
92907
19333
68702
41428
16937
27376
24487
58212
45766
50970
56005
64481
51057
95654
28856
25715
57576
26773
76877
93060
6526
50901
4361
30674
82991
11096
24478
47659
7469
97407
83633
88800
22724
30548
80056
38997
80282
11354
92395
67124
98499
37280
46277
53927
60069
7070
82821
91331
67649
87245
85001
71720
96261
56440
76147
59585
64251
33390
92289
62344
28235
44196
34848
5535
5741
6888
21346
45849
507
37985
85803
934
18403
8347
56065
89195
29119
79775
51971
73107
28963
59467
25277
44499
79733
13413
79476
11222
41815
42326
70241
59735
42617
33488
3778
68418
5813
24920
48326
10500
27471
68749
45317
24613
26426
32935
88167
95554
96416
39494
40924
67751
50419
33376
63187
45080
93386
31452
5833
40083
72348
9481
1206
60415
64920
94975
57435
6221
54017
60360
57685
15482
11221
10679
31607
12940
20158
54265
27979
57755
80315
10111
55959
73270
98936
51704
5157
23643
32732
64227
28842
16788
36568
46150
41890
56995
14062
73014
37421
79964
70919
26369
93201
38881
57905
67375
79255
60565
70276
83146
34208
35723
30380
2170
15562
80592
93311
12963
22619
96060
54350
32607
28582
37297
96479
86457
844
97245
70192
67539
56134
6523
15963
50422
84567
35715
15498
96637
74012
47042
30089
88458
93919
92207
71648
86587
36984
29040
96976
31475
8491
67915
40307
88427
42901
30618
48915
82380
62949
37595
76291
22463
17994
2031
72498
66171
42976
48101
76733
83206
3314
17016
51849
20348
23168
66908
10021
17770
27066
65108
74645
91186
27978
30843
96018
17318
30630
99610
50411
46329
79757
77467
17372
82442
65334
14157
80742
3409
69000
78135
47004
64120
59716
40461
1656
28845
72813
85559
21369
86618
64841
96648
63034
71569
41149
92304
10324
33968
18015
79207
52671
92198
41473
38237
50343
7756
27349
5018
41308
95218
97920
32716
44979
57828
87612
95131
86477
86223
29611
34092
45111
88025
21277
39964
2225
46708
75181
70715
7626
95985
82632
19820
46323
2881
64370
82290
8037
3219
31649
5893
29592
85704
42817
8722
8179
45210
87028
55397
17806
28380
58846
57044
18619
46928
40888
23191
85075
43098
95428
97951
53560
50157
1262
53645
34569
69953
69643
96421
90000
92397
60640
99494
5497
74020
16068
53599
51157
22454
407
65608
18117
81506
86766
67362
96001
91698
19420
10439
43260
31113
23104
32347
2880
22130
97361
89608
22061
94082
10287
55990
78365
13586
81331
82382
59966
93075
19670
80601
78901
5249
33092
44597
96733
96038
49350
3573
82020
4760
65056
11746
46971
38369
88033
19766
60046
30952
66510
46636
21270
96403
98694
53046
44255
35368
64528
51457
1937
40732
69512
37778
72148
61461
4578
69703
74776
72364
34399
90025
5020
59758
51781
94553
15730
52924
45428
65012
6704
2711
35789
96987
4492
33281
89224
89180
76284
92105
37981
89929
99887
27144
99955
69372
67667
44601
50603
32851
27390
15203
74191
43180
31804
76827
88324
94382
69832
89302
46315
21305
20061
43340
97962
1191
76668
6718
74038
20469
45164
47604
38166
82013
38459
42336
64862
52908
78735
56492
22286
132
18449
74527
5714
57919
16495
44740
1221
94584
62968
87059
86879
33764
97947
80243
24596
9207
71942
55558
36530
22784
69406
22263
8295
86358
83806
20630
75980
14424
66050
82854
71227
79304
50423
56968
34833
40815
37350
1787
56191
94098
36757
33841
70499
69109
72687
41671
44861
24902
92480
56583
18573
776
98310
67022
20359
86655
91932
73830
50350
47309
60834
4766
73609
53954
83448
80495
99645
29924
2056
47477
69349
20777
89162
25494
82694
46461
82288
91762
65141
2508
95803
96371
32662
74915
31729
35975
24266
99362
55047
75122
58743
31029
97522
93561
58937
66702
92404
13162
24678
21559
57736
8549
55934
83197
51739
35632
33120
57306
99317
46683
79913
42960
11878
40241
64555
1437
99945
32841
26579
99923
52153
50675
57096
83279
82004
88221
51021
91370
5035
76374
60989
46475
74552
16621
73979
93125
36483
43006
3185
52178
62092
68379
17739
5450
10680
74176
45538
47319
588
9092
25005
94016
14524
88001
70860
61748
5651
41226
3327
41261
51465
16419
83305
36055
53269
87934
18629
78074
19331
52979
40120
67042
7844
21353
16434
17557
63031
92446
84134
93883
94840
6122
95657
68106
5697
72737
90595
97536
91398
82735
50759
23621
45180
76792
10852
10581
73373
22862
34810
26424
34205
42983
91803
92887
33276
33979
67821
59831
20342
99178
58828
72446
20030
5059
82908
76743
23195
84089
67138
4429
99312
41429
9390
25282
84987
59840
31289
68454
20891
92999
43734
85879
17678
62453
72865
7492
71230
10802
67852
45007
322
10484
13629
56063
79631
46179
74746
59189
44014
49553
67161
47455
83436
15577
17840
41535
2978
23933
96174
16397
2516
44287
79623
25341
5785
54242
84592
8131
91598
40796
51054
6846
78702
93238
22041
46908
10147
53507
7078
57764
46527
79186
81282
99151
33531
88122
40598
73758
59459
54031
23680
4022
59471
34622
24968
50811
8400
46872
12622
16169
3432
45978
2796
23211
52922
90514
85646
1788
42310
72620
97781
91075
65015
62460
6779
70203
52682
34372
3643
84934
67615
12545
10497
43727
46995
12908
61785
4334
20220
67711
81989
37628
4823
95
49373
44261
20560
71864
91223
19252
21044
22887
20837
83901
89107
31795
81882
43027
3125
63296
82029
88924
52180
5789
29678
31495
83318
36906
43066
22284
31219
46148
29627
21446
55148
60673
47616
74105
18087
50660
74044
1765
21252
76500
738
90038
51105
94170
22539
19513
2557
3298
42378
66858
484
6187
14667
75104
80147
19358
20073
88288
49790
3465
54884
57181
74454
89971
43636
93219
18065
47713
66879
28398
69907
52479
9574
17012
53445
74201
86334
45952
12655
56562
57152
32197
61752
50037
29495
51752
31464
84576
63069
52043
76202
9046
33078
36159
69020
48732
71085
2847
79171
80164
62200
31066
36212
5282
80080
42148
51219
82064
13980
70054
6385
18901
93516
51436
3512
55187
95813
51525
56748
13738
93479
60383
79191
60553
21152
22230
44629
62175
53883
20841
77359
37186
99854
66002
14747
48271
45274
18703
82392
46874
61954
82610
67989
98753
7065
25649
33768
23186
94824
76504
42555
38802
49822
83155
5434
38156
72277
56519
4574
89420
53811
35267
49173
95404
27285
45465
17584
17321
14457
80364
46787
21726
4092
56436
75588
52218
60754
9983
93162
92672
89236
10200
55761
71422
95185
72602
18127
22181
20049
27192
21557
29917
3895
68852
17767
64624
46789
81703
96453
37753
93906
43931
89678
15529
53591
34310
20751
44888
82310
65740
43488
69878
91115
18950
49301
96966
97488
72807
40008
30741
49619
45419
51152
61770
67049
40128
53752
53254
12807
89579
20186
19352
644
76479
78049
83106
92334
67779
14000
91337
84850
91497
26859
78090
84449
79053
67299
14573
34954
95934
80518
22103
49264
11190
4721
1374
15125
47469
94694
63006
41727
14174
88601
59326
48377
76579
91315
33277
87365
63770
29978
20846
73615
72303
10214
66583
22020
3379
84307
21864
67782
53595
79725
86592
27273
57433
92816
89609
53086
34619
2774
76996
17598
50884
22457
57797
74048
7032
49158
11376
84417
77098
53108
43847
30552
66426
59706
5125
62907
81265
13343
35217
66519
64261
72193
84539
51654
34774
23726
30116
70910
47752
20911
39643
79804
18827
59889
9023
8977
62667
51543
74202
53737
72894
12090
34803
63214
30100
14532
38888
18490
47115
12340
18170
86302
7432
87234
17931
76873
73233
26018
924
4333
52999
73174
91722
99003
78869
64270
93600
90494
14030
61992
73340
45518
44963
12783
89881
674
31678
29707
40828
35973
29440
1175
64963
46512
66712
44678
12014
10158
39946
75191
55350
29655
96857
48168
49959
99376
19067
30360
37735
26124
97306
63061
86508
47076
37080
50376
80270
16956
15657
52585
46538
65569
61730
29969
86007
92969
49012
82858
47022
56612
36360
47082
52543
93633
37107
62878
38189
15810
58456
20219
45090
31920
97428
24502
44314
65444
29975
14414
89273
50319
50949
60924
67309
60525
74172
81014
28921
88556
52335
65827
40790
63789
30494
41225
67884
89642
215
12044
61835
41568
51677
29802
56538
6373
75416
5300
53281
34532
26253
95083
42835
23405
14825
23700
91573
47730
3704
30635
5727
1060
70068
590
16994
15268
79252
79413
26131
10690
97132
61091
25913
195
68186
81447
54421
8752
70376
23217
30710
29746
54450
50060
62217
48
57122
27538
49970
5399
80709
35300
3742
76390
45490
92255
48164
44213
88759
59495
83984
17613
78106
67768
12065
32993
13534
93695
13564
35765
3162
90747
18598
81371
86356
17813
49664
27143
75127
86511
41882
26431
55203
66586
65584
15773
73347
13832
90849
62208
16324
66715
58679
61577
23419
59624
71797
44540
16892
54554
33349
49444
10295
74053
66249
43986
30613
59480
32567
46012
62986
53776
3134
58589
94819
787
72412
53065
58468
29357
56293
31596
33189
62551
62271
18480
29918
57790
37161
47182
85628
63725
78570
19504
68469
89718
11476
24589
39308
67869
82693
88232
16089
7732
20330
44932
4808
43835
81498
21018
61420
88838
24593
53932
65024
25172
21956
51235
6177
44428
99593
89402
68276
24594
94886
42998
24012
68053
71142
93398
77920
56890
19942
83039
90273
80960
64676
86927
74807
27967
78389
57852
4313
31846
63931
79163
41639
72852
95826
25741
67
5707
8161
17585
31830
58093
88369
