74841
56356
14062
95879
24968
37418
73682
72810
64294
72823
53913
44727
62571
67088
82815
9928
26656
90534
4576
31484
39803
27125
9896
78793
58746
38494
92412
61712
83269
94003
9197
45463
50618
74090
59001
42795
61591
93530
9633
79302
4958
6420
76895
84555
9196
78981
10649
54220
34976
77065
33053
33801
44587
51041
80179
74383
87121
30004
30834
72666
5530
18607
47308
89410
32931
79548
24905
60627
34603
13419
55516
39600
23241
9570
89982
33808
71271
24588
26074
65987
51918
69719
71581
84065
56406
87068
88786
78745
99936
40998
67212
24701
64672
13002
64012
66206
73173
22012
72314
79160
14159
28916
28210
63515
79133
32775
56647
39180
30
11208
67254
63800
39096
75628
27724
14057
52787
90936
70450
61753
54723
71599
33597
35548
42643
53176
75855
59760
52190
6073
62222
42875
91042
53763
53350
97244
15943
2834
42662
79557
38649
38763
85551
53178
24502
48193
45764
70661
181
67162
29321
75853
85208
85023
99103
75884
78815
29316
46053
52716
578
32648
7391
59105
72947
226
84237
89681
28400
53293
34805
43651
23562
72261
39066
83276
16219
85681
74639
68406
83463
15280
73323
16074
26915
78510
1111
39097
81923
36069
67727
14543
22145
303
63119
85572
21107
309
23256
42774
26035
34927
16126
10431
39009
14952
53753
77667
33602
34441
16706
81902
86964
57659
29980
38214
58787
20903
1591
75624
460
30561
22939
3730
37168
15309
1330
61779
48964
71618
72772
45982
11853
23572
82547
47195
54316
48251
63458
82068
92309
76663
28230
56365
59854
8271
72619
68814
62700
14353
97669
8170
73162
99088
6586
81713
54670
87728
22807
82684
38442
5230
11394
57638
87306
95642
68161
57147
548
68341
31859
66760
90693
83395
85331
17174
574
31730
87805
84033
40510
6104
13969
87280
12482
5546
23321
91053
40900
77437
69370
6141
74478
22049
34511
11593
74164
93924
95088
74640
816
651
70436
25771
81747
30824
26704
20192
52979
85417
30224
24043
70317
44833
28265
69943
72372
79344
86104
64514
14937
89234
4820
61604
54820
61143
4457
59497
20937
64322
30724
69986
31781
5390
75651
17140
69358
42004
1982
71410
50980
98998
90891
86318
59896
18301
23909
51091
28883
76969
6643
12128
18458
92712
60750
75305
56650
4742
59871
49440
23628
13079
43141
18699
7878
36997
7897
36067
53429
5299
73978
32220
31664
77385
8438
31476
39486
40840
11717
6839
80965
48142
96629
24049
28199
991
92170
98587
80307
974
67597
8610
51635
4940
80756
99544
86308
15961
82008
20900
96920
31135
11989
82476
68313
65114
60361
97620
42325
14040
69079
21616
38898
35168
77875
70849
78563
6240
35066
40099
58605
13950
8708
52845
64568
56404
93613
99252
92564
28919
50563
86781
33903
59756
47203
2253
88790
16029
68259
80090
65801
67256
98974
13612
12325
72086
10161
43484
89578
18465
70446
80900
65829
75867
90362
4999
32715
62323
78751
16259
71396
97088
64277
1313
99902
70933
24295
80334
5646
87490
16181
59247
35121
1375
87354
29279
83665
29446
51177
86783
39186
91220
94430
8833
69365
24414
7248
17653
71668
45449
7519
72098
88609
6035
52186
43529
11603
29563
49651
39049
