20071
98882
54831
38473
86950
29223
28536
50454
84152
12471
61830
13084
50008
48549
71693
94211
67791
11166
32937
56250
2135
59086
80627
20144
57123
10617
9276
32469
70800
26929
81029
83866
62310
79312
91320
12616
14383
92393
14379
35096
12693
51489
77728
3701
47294
12590
8531
4030
98752
54029
33960
73876
27292
76506
57019
66497
85202
91383
36587
58706
40620
95876
7473
54580
53161
40586
43115
68634
57177
75113
22778
23918
76508
10348
56273
56514
50885
59774
53690
6582
29873
83429
56939
16483
79571
77396
19547
54371
99226
65400
15339
56132
15230
62993
5548
58763
86554
67662
19979
72745
38720
48786
31336
43269
21009
91235
19962
22998
60106
53434
73424
79038
13758
11449
70472
17813
21553
15539
18822
1443
81671
55823
14441
43468
82212
21342
82848
79425
39699
67003
6209
13465
17337
96202
80843
43508
59074
62947
20652
23375
41580
5616
60336
62267
4358
39024
20119
95007
79050
99714
98812
65199
56061
50238
12537
49693
34643
91832
10337
76214
7111
65675
19341
65301
43449
13111
91905
27698
37356
44515
58694
44849
11265
13334
47720
7025
25307
67230
73034
7092
72778
72238
96222
25832
96386
73623
58671
66665
9740
25069
87079
44402
19934
41869
64536
80354
17739
57689
4807
91263
95242
35081
50726
66729
43660
48820
33140
71872
31196
5497
44863
1401
62883
95627
63946
37177
4500
98700
41782
93218
57083
91534
6287
43454
56330
32785
19438
32403
24763
40792
54450
84894
90421
64230
55769
97453
57050
63568
71499
10939
3249
71259
99914
13364
20255
29281
98603
85353
47795
17100
63525
77404
62635
79887
17533
83344
12087
80467
61193
89031
49563
68288
1544
65028
3450
36021
48910
70042
64036
72532
30985
62638
45211
69106
41474
49607
59006
86779
27829
52934
3079
1609
4543
13873
56861
14978
88679
48937
82612
88298
41134
80384
50530
81781
56021
69983
59551
63479
17816
12171
36165
28436
8206
23045
9467
88270
76532
36748
41783
33062
53610
16437
88859
66188
99982
5727
42434
71603
73894
20713
76282
36239
57871
85753
49669
28717
43155
36242
26215
56508
65196
65869
35730
57560
12635
73688
83994
47050
96630
46125
22541
43513
99662
8460
1854
66586
7597
6063
7490
20819
55734
85982
79328
62602
99816
58990
65966
1920
15258
99393
52814
94323
80619
18176
89817
26731
4990
1953
38067
51246
94814
5161
3604
1969
5833
70160
81244
56585
93437
52825
3464
8529
34189
30913
42802
43647
34676
29698
3262
69811
41583
51931
48472
49774
53740
96916
65943
73805
99129
63115
26453
89313
4919
33543
60409
46820
88571
2250
81700
74876
77707
19249
13773
77372
50745
3533
16769
68023
28864
42759
53462
34347
15537
89716
2188
20294
96783
19926
86158
98254
25651
58486
54319
95913
60777
89899
55530
69402
30122
46631
43966
74930
7816
92816
30650
5321
74081
24233
93096
40234
14375
28175
41723
40589
25351
65188
46867
54366
87785
12441
19790
95871
84043
51474
54779
59927
15560
62082
85620
22511
61961
3466
14228
80891
9357
51428
71657
53413
91171
28969
63681
9668
51973
35592
59491
13985
92006
79737
68254
59848
6592
97746
14031
4493
58859
13282
47612
66388
99876
83963
