99483
62631
11073
91169
56534
55893
77315
81532
85848
88067
23021
56171
97237
97119
98907
39878
97701
80369
92772
65513
53175
9661
90479
68812
79806
89186
26440
61767
11031
45470
85992
61404
3715
62382
4568
3719
82677
74533
34340
85767
47811
86010
50857
76747
17228
45323
47555
86021
3883
33158
29834
84431
19097
22220
73705
76722
49090
96548
55299
41302
90458
81352
38433
4515
52746
60789
37045
74029
47532
50141
4080
88207
97020
27875
80871
44783
52132
81953
97911
11706
98357
74324
9401
47714
78866
41238
25439
23552
99838
13447
74241
42613
21142
48255
22559
97241
91669
25139
19746
95916
92797
82889
83758
56360
48662
35868
60213
44866
8701
11437
93669
87211
47353
4670
79245
16247
4715
28269
34006
46581
91822
51108
27782
30041
25599
40732
49677
43576
17992
89593
63013
88907
19749
33857
77812
14542
50911
97475
7330
39660
49432
91012
19596
34538
10402
35712
61283
72856
67626
59304
85432
92565
50231
12002
46625
11790
64581
31707
95215
16713
22599
41602
22249
81348
40126
56815
20522
46244
43931
10836
62676
10199
63035
46680
35385
6195
99459
87513
57867
35961
55140
19697
70159
59024
31882
62586
82503
17184
56910
34898
57067
34980
30863
18772
35192
16100
75435
96475
63339
24350
46239
81758
36133
61294
60453
30219
31660
39423
38523
25977
41078
45041
81929
10021
56048
30732
18529
17390
92156
80309
17244
25478
31504
67529
99345
86352
75929
9446
68786
55984
38588
37819
26727
99717
88802
49583
44596
95588
63808
80134
59243
34516
3164
52968
92650
12561
67181
13614
34604
12140
84983
5092
40
29576
43875
75207
80105
40295
83748
93297
60
58421
35639
90529
57336
17181
81822
14794
68061
82
86089
66576
44815
69142
40010
95442
47697
23588
82271
85699
77497
62519
24135
43194
34261
66587
44607
2726
76113
35204
87592
33273
7181
67807
132
95072
47961
41599
77094
47282
64269
57692
17399
23850
69629
60402
86118
47185
98340
43603
63558
68371
38481
69089
96602
92183
33039
196
37942
15716
16612
6061
63268
62892
54151
214
90029
96966
11574
15992
85097
87573
80398
17721
53019
87676
67059
77583
62124
45393
70712
36453
23237
35840
66149
89274
82938
7175
88424
78361
94916
50937
30150
85780
15811
61149
57895
301
13596
41601
93092
41435
53959
79237
1675
23606
99742
99755
31391
97553
99928
78441
3336
79625
57937
70377
44221
75371
88838
2057
57290
77779
81735
2477
88853
88949
78312
78100
12282
64359
43184
365
70037
51418
33770
53426
30373
45997
68963
44346
1302
95351
10425
82229
28376
2875
57569
26941
94752
68592
55880
22168
59706
50577
25452
63232
53205
65169
83843
42699
46756
46985
89615
39869
49663
78848
27429
2694
92930
50610
92646
18294
63943
74289
2180
15746
98709
29021
6796
96214
34692
52615
39650
86076
96676
80538
45355
96550
64592
47267
31536
10997
61114
40931
69912
81412
13940
53540
72221
50566
44222
10978
47070
67209
25128
67240
93667
50849
16117
87478
82474
38652
558
31655
33849
35819
66716
11773
53991
2060
99797
42254
49827
57801
84418
96092
20264
93428
61586
57537
69573
612
57392
88509
61719
56641
32140
7685
74913
32597
