83814
13200
31389
12136
59309
15431
93027
96240
68557
72755
36802
63138
93126
22930
10241
42726
92120
38244
18827
55678
79016
9733
22425
65497
95511
91101
7516
46471
21023
93205
41768
1198
85920
96683
43827
71362
83153
35997
37353
42826
49590
60986
20555
49264
2086
10401
29110
65592
96243
57271
39703
33631
23775
70113
82652
45020
56106
44978
55906
23917
15333
99847
31553
5336
92558
40162
62517
68925
70947
88620
45173
79486
51188
2600
63028
76281
95590
59647
89288
35033
87770
80426
32154
69197
7561
81725
71374
54717
12791
71465
1575
54803
74492
99793
51456
70467
93747
8118
1749
47818
19729
59080
1684
42358
31365
11191
22079
71800
77709
48163
71081
93300
66534
68229
11071
59284
39304
1796
32891
16346
89779
65163
86990
62149
37488
57372
21335
65013
26394
47248
2876
95619
43436
68362
80863
12930
25106
3646
70034
28154
88985
17736
27060
31974
3923
33669
27392
64827
84427
72901
25532
59688
57964
12010
31241
51197
96307
20922
32578
42313
53464
64312
88619
60446
19359
13975
80948
2303
38526
46351
41026
67562
33460
77928
63018
96899
20292
75609
24691
33240
98555
30187
81033
77708
19420
45550
5698
6460
23063
5913
62063
87063
13896
46992
53524
99003
25051
59031
93106
95145
2548
15782
79424
60530
50595
90820
70388
99058
16569
52235
88004
22492
48160
20173
81899
64975
59453
58056
84295
24046
10633
46770
59413
3655
16005
18685
16155
19300
26607
57447
98901
6999
67577
46506
16257
73575
87251
54259
4610
95580
69003
27504
43801
14566
8821
58275
91947
45887
29165
40624
89863
10652
39938
8948
40549
35160
40428
31398
83447
83736
30937
53387
3290
40251
98556
50589
27258
69385
59713
18379
15981
81401
35088
23160
44391
78306
67713
37165
23077
8279
98186
83579
3906
94438
44695
31805
27186
25352
84749
93356
19878
13015
6234
25631
37118
22976
4001
79497
6895
87376
48432
12997
4109
46551
29900
83130
30847
74361
84164
17410
13816
10347
68243
94636
4456
93843
5818
65000
57735
83078
24438
40647
9337
18040
72002
24321
94893
95808
46447
37069
7171
70357
77565
21084
49163
31393
88212
64354
44550
39464
61156
86923
40764
46249
48764
7102
11483
38287
42822
86275
74345
49320
14456
79396
44845
83903
36917
23502
88436
89847
51535
94334
63853
49808
68903
41261
57376
61002
84253
21797
97476
91625
6912
58553
96648
15066
12652
31875
17013
60348
91394
14123
63973
22572
54380
96086
67151
69465
16435
96256
44603
97640
66776
96337
81357
83561
71542
80572
92952
48874
78671
74654
87009
44743
96931
57732
1516
75040
37845
32173
54247
91662
27855
15807
98264
53730
51729
86641
24487
97458
54179
37974
15401
34594
98317
97392
80806
49846
57640
82582
12735
34540
49371
14512
95719
43694
51591
59737
13918
48409
56137
74988
40453
16520
38818
8860
116
94115
68153
72331
8455
18108
47007
25666
80878
69658
17250
12180
27985
36167
85457
65157
29725
95854
17888
64507
53744
72577
38001
11665
33721
52861
7296
68840
93939
37669
44901
80665
53556
42071
10745
19959
37553
43866
32850
62763
79436
17409
80711
3293
15686
74326
36321
96673
94958
97904
18952
36001
88136
33269
