81591
56914
10080
41132
98134
20626
87355
1534
24997
34467
95926
43278
21840
95991
95306
50155
85506
83989
68702
51602
70255
2267
12411
66126
92172
79135
62084
7780
27178
40196
15770
49556
37860
3310
43101
79081
1797
41153
4274
93180
64700
54914
25269
4766
87969
19570
15698
90507
61731
32510
78798
40001
75511
12148
27283
45240
74888
79919
68440
53896
80726
88915
71440
90538
44008
91815
28620
83464
93878
34977
13702
99825
66515
40188
86261
50030
30141
67981
56113
44666
67462
77682
30952
49932
50293
88037
82440
61921
94085
90828
88328
27318
2422
39571
26364
74050
6703
2439
4370
68855
33956
35144
22540
35259
14714
16780
67743
60715
88300
19627
94988
6630
39099
27127
21921
96047
9727
87823
42179
19392
43051
25231
67414
89888
51236
91712
2843
68870
31576
92969
75659
42299
13801
32804
61997
39048
47756
52733
40993
38727
80330
73889
3996
73066
70999
51664
97625
37050
22440
39497
43753
88450
66355
88989
19010
31380
92878
51724
53595
60688
86440
42027
21348
4879
45383
13746
40410
79540
73974
13482
78914
74197
48598
13446
23676
12004
92252
4174
95206
42734
95793
29926
24662
25928
49568
80149
14145
4441
53516
76060
84249
77751
76759
35038
20569
98856
13828
24188
13031
66508
9875
73525
72163
64745
90003
82993
53542
24527
32238
18796
51163
20574
51398
65896
64133
26318
32419
51302
10912
61417
6624
42925
46888
18543
67137
23450
78790
66785
41006
48331
59398
30485
23536
25080
39227
87242
96156
72898
47594
75295
52481
83795
48850
82178
56249
10693
44270
69135
29785
37058
58915
84083
659
47759
80846
14381
31533
57212
35605
2063
48443
10616
79420
79742
77753
12434
35270
17580
67821
92727
8477
71483
77
16359
61387
27508
20590
3787
119
17709
24056
39547
16665
93677
37441
87538
67193
37907
18584
76404
19222
4713
175
54822
57885
2231
78297
92271
2084
13672
370
40761
60950
30481
17175
68590
73950
4751
70647
35421
57184
15824
29421
64328
10865
68598
87115
80395
13799
62129
18585
35820
98155
80133
52692
40981
70746
18834
25104
81883
61006
17551
79712
56322
82288
25508
12686
85638
94864
83282
56205
83714
48288
7008
11335
52221
14716
91108
7975
22398
22942
22748
7265
16688
48733
19504
408
54872
8928
30745
16473
38372
35936
2792
6605
26240
46587
73366
32709
13328
56104
49439
14049
4771
15647
466
31234
9003
27358
51925
47448
3543
89361
37963
53245
28169
1665
33859
62005
47241
13522
21875
23377
1261
7444
29447
12218
28950
25932
79415
52913
18360
5455
44985
17055
38447
37913
97289
9115
93910
13349
30381
90424
92157
50639
55915
28799
1845
50515
23203
15250
48976
8366
61553
8155
1878
53230
48853
676
95770
27198
54211
30287
84771
31174
84523
54965
8267
56039
35218
12039
26302
69826
54053
53248
82608
41864
64935
36583
38299
67829
40028
86256
9493
56912
46172
25704
33204
17848
11756
87979
49301
91192
70228
93041
44804
23655
8393
16195
57259
82358
16595
63810
15934
18078
70504
46362
97259
23228
12269
25237
30887
83470
62212
21609
18601
90017
64877
53431
68312
84907
59494
68430
54873
50341
89170
69189
69356
14304
88499
