32520
45953
45416
61860
80638
89059
49491
65409
21290
30874
46621
12126
52145
7351
31509
87504
74802
40050
59012
43255
31940
41623
39474
62207
14865
86546
84504
32338
34105
37239
26462
95935
97748
69491
53486
83707
56754
97796
98848
88655
30782
39347
19896
94511
53207
50608
10012
18181
80975
76050
14167
668
38455
16372
51842
82788
1980
91476
14083
32477
7789
46711
75384
6803
50956
56787
74738
86125
36400
36945
20233
58537
17343
42674
55069
80057
83455
9553
80698
28100
21927
93312
51027
97569
10315
4559
49871
3753
11971
71777
24688
72909
69620
97312
38587
61657
39950
29383
34406
49681
74140
97219
54700
13406
26818
89126
73342
56946
42650
37123
81573
55183
20396
25163
48592
45985
1305
57683
58925
69062
61036
65553
4842
67107
17851
25275
97004
68526
64097
38236
63504
6181
95434
94685
83718
7929
70831
72533
95816
76455
32656
81815
88372
77804
64300
10075
65948
14078
45711
76241
89843
39871
31307
72322
38979
21891
23813
952
44761
20968
20814
21672
90789
48253
8814
76922
69112
8600
24063
9085
9025
1809
13912
13303
70636
29272
61315
58775
92899
96547
99228
89238
37750
29547
1092
61205
85955
9767
4374
18370
49098
83773
63538
58885
64196
70022
4069
98799
37102
33395
73660
72683
50059
65467
22826
24185
60619
63009
38756
12295
63522
4379
44467
13578
25780
57519
59470
70985
26431
29685
4330
30979
16460
31757
27191
65745
15097
94599
58584
8673
9394
69571
13069
72377
65724
1353
83146
17572
84557
88847
89451
94704
3404
96878
1406
25459
6182
52182
33042
99722
32166
63731
60957
61857
82976
32316
7088
4730
18467
38280
90537
63442
91959
57752
6601
92395
32001
78226
7360
92326
50685
74911
10090
74716
11736
1634
71209
99812
79280
1572
73964
55991
29105
12442
47341
83389
75820
21295
74599
60811
58538
29435
27129
50442
76473
12247
18970
12122
3155
25916
38589
49666
85518
7503
97221
70110
87709
17821
38582
98873
14274
63215
50965
48863
4135
72016
32964
70989
31548
1758
81566
56120
57381
22520
87599
2750
6932
84095
45078
76438
73018
1829
79450
16753
13526
38798
78682
41789
16492
78537
63534
85422
88296
35077
14477
90272
10670
68824
47901
82023
46978
74026
82600
27496
97335
66765
2924
54807
16508
82510
80797
88510
79562
7724
67911
2113
45608
78313
30040
75578
97317
28457
48402
81663
16719
59510
32731
48449
89499
89736
46984
92405
68186
28929
10438
55295
30589
74603
84466
8836
72627
99493
5635
35842
94499
17220
31270
7847
20954
9751
77486
41036
99408
72502
2452
2464
52163
91266
10947
66362
61941
39676
87341
53460
77855
40226
15134
8232
77460
58920
68741
65730
76689
77522
95377
73222
75668
81065
21889
5178
47173
99931
95412
16296
51791
54443
63217
52162
50737
53949
98031
75118
10701
88825
55753
50634
67133
40285
72469
50184
4803
52619
4580
41827
80939
69235
3897
20402
60888
94996
35273
97879
22452
38564
10147
32694
57982
16418
95193
65927
31139
51669
95790
55774
21242
52732
42854
18396
11697
48712
16910
60283
7423
19448
71112
8428
3242
74554
34081
27922
5097
70415
18527
68802
32496
46237
57491
54384
41610
66866
