65371
96605
19870
31014
71226
74462
27094
86680
1218
31776
26323
9029
58382
23878
7312
2993
46169
48037
94186
50501
41780
49087
79749
25678
49671
36619
70310
30988
73885
71001
95780
45082
48921
85816
65705
87184
58261
33580
59087
60184
24872
4692
58185
42475
15980
95014
1396
54758
76239
43473
78715
1423
9763
16212
52415
44156
77903
15632
40793
97410
2193
45107
9175
84476
73396
75031
25112
48553
47223
74496
33307
35106
24716
98153
64205
3481
50509
26889
32164
57541
11185
2106
95283
94558
24255
85514
12021
30201
18200
87145
80869
64200
87064
2249
21277
2257
49593
3088
45769
26516
84327
28333
45515
7864
76151
59997
99719
64103
42994
42498
76397
82849
82823
21829
87296
81639
93005
57169
89819
32969
7376
7971
57723
54789
40558
82689
56725
79821
89374
25565
11230
59346
36854
11828
85591
73239
18106
4521
10948
14576
33927
39982
87998
93290
40483
32120
28582
32587
14350
43847
76442
32534
89655
87248
48396
29312
28562
76666
23418
24433
28698
4026
92552
7136
50809
70541
84119
71214
82472
38440
58218
25745
72269
90315
82534
48996
51126
8588
75070
99230
86144
9327
21462
25130
46305
5675
69381
80989
77371
80462
24591
36612
99966
57808
87183
23725
38204
6798
34176
78293
19642
77671
49104
53657
11982
77451
64482
28814
56462
96744
79559
21807
73333
72017
94678
5440
94872
68346
13735
23506
36972
53635
3682
29140
76157
53093
2858
4162
81993
87706
29284
92415
10197
66577
33066
40797
12382
84411
21786
64116
48496
7993
26003
97099
23267
17102
50221
74659
6351
42242
9192
99496
4689
96326
28071
53656
27514
47183
98889
14014
71346
81614
74317
68457
54583
58281
97003
20208
90130
29438
5246
68273
70123
33310
79524
38747
6980
56561
49910
2859
70047
80468
6915
43202
91106
63129
87922
88208
43415
64473
4045
63070
19203
89633
16058
22037
69905
13314
90155
44688
67558
14373
3723
15178
37797
67467
61676
65192
26686
11353
16336
4002
69328
75068
21273
50418
30903
37586
26375
81608
63139
54121
39104
67321
26142
61229
59589
96312
21244
27369
29808
3479
38796
85852
75914
84532
16709
58340
94582
16919
76946
3724
49581
60325
46217
53545
82944
22112
16967
53980
16281
32880
15480
71054
39777
14575
54464
35440
32546
69008
38459
61959
33515
10840
74800
56329
22632
90331
88029
77137
31518
73259
67285
33183
21758
72341
80436
81776
97455
59193
78498
25541
9974
37420
46213
85153
78101
84469
38648
61041
32151
25570
22655
93372
2330
41775
54977
91890
79314
96066
40325
84810
16925
36734
10885
62720
12555
99691
55028
25060
3781
70078
67464
79612
14012
39995
5288
73349
19492
13379
53124
70666
32135
29004
81641
1065
94095
37019
67091
15553
15631
87619
17302
3633
96295
28952
21206
1115
57037
4209
28026
21519
58174
36711
24232
22169
30793
81405
83119
59040
60072
39465
21267
22615
33622
49401
1215
64913
65545
57018
94587
1248
82343
11046
4048
73294
80743
50424
97239
77163
73617
11815
58287
8590
80783
21234
99027
21471
26534
12362
53500
38810
11190
5399
1390
1402
63693
18422
64444
45988
88334
17889
14349
88056
46394
62741
2969
48929
71478
42983
