36819
79903
53850
92724
82242
6675
74302
49815
62911
83588
82638
32303
11157
26938
92109
30058
77610
60161
26328
72753
52348
84508
68294
31623
19668
27882
34875
3309
13757
43162
97921
97153
89669
70580
96044
4762
9905
830
81409
61295
81604
90019
5162
98989
43403
68093
32444
58058
49385
64640
31259
96239
98577
29795
65072
80371
32966
33332
40966
26234
72961
25037
61908
20600
69460
60718
81521
76430
943
4651
25746
11953
39478
72218
978
43026
79360
78812
20876
20806
33673
17236
13700
27357
59155
15691
89992
39268
38131
14999
18851
43207
69536
93971
23602
98993
5982
93978
1102
1107
1109
30426
51976
94575
59901
81744
11249
81445
81943
63432
82197
67872
26856
34792
69051
74742
43961
89976
14689
21235
74244
81260
38741
83049
47222
25023
51928
94411
30987
77876
35995
31105
67605
21056
2736
64591
4774
29997
16717
83826
37623
84498
38095
6223
6952
38110
52257
45924
68699
70074
88345
83777
89339
46673
30935
84445
10140
41735
1340
51408
40003
3522
41247
83912
40623
36831
60982
94373
20226
50805
67715
37735
43563
62868
63903
28735
71464
52038
45871
78257
41732
70804
26666
89040
25349
53749
82299
15822
96651
1485
29467
83975
40296
20443
9114
35231
8053
53909
72688
2243
60149
39955
69033
58710
90977
60905
93215
67518
96449
88052
4518
84700
16991
6403
46044
95954
60473
7821
97421
77809
58163
76512
64450
10968
70329
12649
7007
96423
55483
51722
85257
14119
78590
4412
3711
35439
29089
55562
15951
25223
92117
62706
16661
32778
2394
30800
84436
94979
36975
94067
95527
24110
67138
51345
6507
64203
92050
19658
9294
87269
64241
51132
16994
99560
10362
13506
73450
65951
22759
40724
57807
32094
97369
60204
57558
6574
50832
4434
22441
47958
4646
13904
44637
44436
51512
52646
34133
77882
66561
45801
76089
29581
22574
52869
9036
16894
53676
58279
37837
41997
17874
38344
45692
97767
1962
27350
85462
25115
7072
13188
73074
62591
95389
6946
24604
2048
33530
96270
68483
60556
85349
86599
85073
61557
17364
84891
97540
52506
45258
7624
52933
98648
12210
7932
75184
12179
7711
6296
97341
76331
5146
2509
45013
73464
98233
17582
45484
70783
96100
99335
11236
29369
4926
64172
29751
91046
67217
4369
71417
28845
4000
32650
62421
22219
32672
23823
33098
6051
25021
5295
71453
13255
26469
76643
31468
27971
72160
77868
21083
66114
25228
76390
31110
71452
32197
68025
27027
38622
70819
44634
95732
31335
63621
36083
2532
2534
59611
9717
37886
57085
67526
4986
79942
86887
31927
48661
84750
94471
48452
60720
6310
44744
46566
98980
80817
26906
43411
47799
17628
44817
63834
57960
19780
39206
40418
65176
6254
56788
62348
74363
2745
96464
61023
34807
52586
73052
11832
36589
23834
81261
73128
15598
56387
32089
67967
95113
6610
40540
90667
78737
66163
13134
10470
58517
65332
12048
88403
58437
83844
94444
97329
92130
28176
88464
59581
32585
81517
44821
45886
37687
14265
42385
94982
69517
55204
18250
57854
36277
60159
94570
27530
3177
32653
51231
72396
84729
67533
71166
24593
34104
38199
76304
32026
51060
25577
34793
53340
15296
32351
54738
