59808
98950
13308
8265
28328
76525
24257
60112
76739
99495
50007
157
20571
59389
35208
77997
94750
50220
44462
25841
78989
75750
25397
23586
52953
64318
65087
47345
72162
84701
12917
69388
12334
31950
10034
40559
17936
20822
59499
86395
88797
80752
94313
20891
76805
41694
35041
77959
89864
69972
72994
20623
93149
4170
37225
38432
78348
62960
73612
34279
19211
7718
12431
77702
74770
15334
30264
96257
49778
37208
67579
92137
31131
45545
9150
78426
37706
39069
81652
25726
87572
38525
78432
20356
86794
42153
70107
92798
97866
3585
97198
6177
68649
85465
60053
16222
16794
80202
54194
14562
75033
40629
80607
14454
15675
85468
57806
79162
48223
95701
31965
52340
45312
19539
47570
16702
36952
23218
61849
66399
93897
16768
12377
37139
79411
86784
26502
72236
16077
60076
27216
53334
26842
38245
37326
57023
26570
38836
40340
56370
56560
96677
52675
6466
89642
80893
65770
38272
81548
79241
61331
70167
10958
79586
62324
1078
37446
32617
90267
68886
97437
70651
26804
265
78215
56483
18324
29959
86120
41771
29372
53891
588
9234
23030
648
70325
46261
24670
4665
15416
15964
25958
30118
54145
4279
18118
53206
6404
96808
26498
54769
20747
64811
98486
64850
33244
37827
14987
40829
75725
99444
88373
77777
56163
3844
76934
85515
76578
80715
67056
72223
76236
95228
2892
60182
52633
31090
29776
55458
4911
27380
26925
77167
63286
74410
27041
60398
81139
13629
94967
15852
28748
3579
12904
85434
20925
16825
69575
75648
39374
30533
43582
72125
36521
91539
24287
2980
88321
87039
4277
15278
30723
20980
54943
80556
2053
62666
64365
48109
75271
66947
46920
98491
64244
40375
615
15035
1439
20667
52958
25127
64392
2552
43374
17217
77880
82927
90126
93336
73619
88792
66341
51900
1290
15599
60156
2667
80496
51910
65182
31083
7966
37396
14591
72093
44418
14724
65718
65838
29271
56997
43382
46549
41595
87622
78099
69948
44335
11231
89821
23755
63894
53461
62455
38054
83495
36966
69292
42720
88750
23916
79980
4020
32035
71433
7710
77383
96643
37923
28118
62916
3590
55802
60472
24424
55117
79633
90732
33559
92725
86306
44802
88845
45936
89913
86823
87931
64443
43309
34210
72658
24576
20334
1683
14085
49569
62256
95985
94290
60147
8856
53181
35080
63047
87658
8935
65460
34013
75987
33384
5118
29270
37493
48934
54750
73868
97758
99865
42073
73253
60775
64660
56457
49839
56044
70853
10660
97867
58413
79015
48333
9718
89960
56928
97407
21919
50520
69468
19410
13287
42542
19783
65437
92099
23772
22957
26699
3181
72564
15793
47184
53025
18128
70407
45477
23576
68428
38217
33256
98488
35608
87328
8700
70717
897
97598
37103
98347
36417
2251
27996
84545
35957
31177
23762
39151
1075
55722
78386
90786
75900
1142
77068
97371
1241
84082
5633
43551
97567
33657
68884
9293
97423
7302
67243
84073
77056
7654
63806
5541
95481
37001
18996
9335
95340
68246
63897
27848
92320
25671
39449
78517
57391
60883
28189
5010
87884
41802
78230
28758
25398
50003
56688
71358
46716
30499
72812
35955
55952
24429
92667
28784
46302
36859
23189
38662
83079
63690
34221
