29747
50200
47053
2821
35829
18965
55364
28838
86396
68836
21676
36883
49419
64570
10058
5035
92038
70694
92356
19528
13273
87174
43011
80751
65636
1403
38608
20470
32764
91486
97293
32205
59171
79681
24491
48905
62543
98715
64933
72634
260
262
264
70273
69502
15195
93058
50792
68927
84282
66789
46891
98806
17211
69821
8524
88383
320
22858
65713
73926
48477
27254
69724
31653
73085
68992
91946
2727
77721
58399
90746
26490
7805
360
77300
17095
84865
33411
7610
6347
81021
31909
32007
40317
49357
40023
61420
60436
12847
56563
18448
60926
78821
2880
4437
81285
6914
61695
446
18917
54757
15232
15121
18848
38324
84559
70659
67960
58452
64327
50659
2314
55320
35312
58375
77935
82852
60697
55718
44527
92940
50587
9047
75760
33659
55353
17489
75180
95427
63954
30590
25728
67975
77533
55433
10447
46989
65191
30388
90316
81001
43960
42713
49249
98305
1036
6087
88305
56017
80389
26590
67957
71934
83435
94414
25694
49987
99674
46193
47607
68154
76992
28186
12625
19458
20379
73693
61088
81432
41801
702
45720
3524
30182
88714
76962
96560
77337
83908
13567
60193
81074
98775
68754
49240
46848
72468
50404
37871
79447
9004
8456
80363
39752
772
32538
33371
53993
51965
66389
88226
42988
70465
68994
35947
32416
70055
80167
58842
61891
23805
56732
17325
2335
73797
16123
47909
93832
7018
80875
850
6285
31490
91882
857
73789
66245
65396
78784
86188
83554
58942
44332
60267
98580
76111
4003
98840
30873
47839
11842
30783
60199
27651
78723
14942
48636
92455
69906
24915
88880
931
932
69215
96306
61396
88143
45786
92351
93476
88690
36613
67924
68270
64589
62561
12421
20867
85147
53078
56240
48634
64131
50767
59661
5997
60011
11104
51156
97176
34125
58458
11619
79206
3254
67065
10748
39953
1122
78679
60314
29941
64943
27621
6763
22355
86550
97665
46855
15395
16838
2542
35690
8915
20893
22702
99600
67494
17359
80915
70371
5636
60692
20567
50484
99123
31347
32616
54975
39357
69002
1467
45369
75903
47134
84136
67069
42977
80294
88954
68283
84851
98179
25211
22763
90177
31074
88799
59197
15001
32057
96823
52613
30250
39469
1957
41651
97985
97067
68777
24406
86071
41008
73356
91974
25992
55129
46630
44691
16055
13884
51251
90037
30269
50331
73183
75723
73541
4101
80155
47758
65908
70048
13663
20151
88455
40181
66666
58048
98831
44308
2321
82841
35505
62075
51201
87286
41341
8862
7506
88339
72720
67788
77226
74804
38015
89064
91782
27868
80022
66774
72835
12967
89838
54952
8960
33581
71922
72872
51936
25956
87683
12536
67507
30564
2334
49353
23327
18083
13834
77616
78393
36292
65334
45469
97743
35046
80684
44364
2654
47522
90486
62178
49450
30400
2741
21346
27487
24442
80083
68076
75358
80601
82585
3511
77668
46741
17508
82878
15561
45620
22104
47296
42433
78927
24947
35612
63203
35372
89328
46996
66229
41835
54190
78204
32643
46367
27245
9022
91688
97860
26770
77314
66051
94079
31425
13359
85012
9863
19542
96601
11347
54124
69400
67994
37946
99550
87659
17194
39723
15565
50749
49239
54478
41935
59837
97499
42628
77972
