63705
87262
57424
10870
3174
81854
51538
16388
69814
38246
20645
60650
34818
78032
87303
75873
65846
21414
86193
78431
34153
86825
46845
45054
80963
73374
63554
35543
14788
46162
81823
38601
67638
73395
34097
16670
64325
28008
10416
82933
92824
97930
95765
8444
37119
4789
63237
99150
4452
63499
20185
48739
15446
92303
26225
23709
70962
11258
18119
13792
33688
29233
97374
79634
70810
52547
75978
26724
43928
26780
80559
73531
71385
67234
52495
8668
50130
5925
4593
80574
8161
42016
35870
59419
21866
22896
56891
77444
33490
67074
52447
12089
61675
87217
53317
57598
40755
19291
67502
4741
12584
50461
31061
9248
82507
83800
29343
33425
83144
92641
83430
13885
31594
16897
92833
33703
72039
64620
37914
88205
34556
18386
38600
11168
19544
96594
83302
47948
48279
86354
69586
88014
77644
90425
16039
9641
65674
5963
82386
13323
59264
94791
73704
83086
92529
58477
60372
69603
78048
68736
77850
91491
39493
84849
37893
99390
91864
16343
22334
88170
13854
76074
87083
68887
35514
97115
50364
55926
91624
48810
83581
69120
62560
69508
73482
79715
59435
68818
45683
41294
32340
18056
98166
42321
72390
83503
47544
99490
9606
30054
10221
58482
66784
92635
17288
31458
25942
79838
93875
37020
88883
84233
79855
49064
11
49729
23713
25966
4633
23332
55667
8338
45561
33300
93545
51731
62374
64772
66280
25927
41598
5333
48112
95460
14431
92220
86664
37636
89661
8898
99009
11671
77285
71085
62203
4523
3495
65343
53554
15381
74759
85884
17867
28539
30386
85724
77241
60631
99282
2581
62693
9608
32982
9704
35511
76007
81269
61504
19317
89162
11525
25424
586
88434
55079
71712
1992
37927
27968
49181
53289
98231
42064
32522
96825
85470
12321
48705
84055
52517
89124
41165
58686
33446
59489
47186
178
13089
33930
12925
68700
27176
67551
64408
192
48104
13243
16860
38934
50467
66320
39885
86468
58769
44766
64567
31155
222
88926
27133
55097
17701
36351
49978
61799
29988
64758
86648
21737
69854
74428
43889
23214
36986
30497
59526
66252
41200
84302
42789
64345
73616
53135
60254
72168
59484
35852
36557
10962
93349
96772
27238
56080
46641
65862
45361
62777
36039
27501
94136
29207
73255
20084
67771
64865
71678
37231
9065
86982
96852
20591
79978
5005
75144
74072
59231
29456
61951
22917
36393
85959
27059
52999
43980
65281
91863
19278
93044
21691
71017
8196
99957
21540
9093
63874
57193
419
7758
86704
43659
21923
69689
15799
98462
92324
90621
49939
19197
92890
87010
919
35928
6370
85213
83025
49082
37551
68815
98406
57845
94010
13163
42663
98505
9376
98356
77557
20404
14732
41255
21153
69263
58521
38438
30467
23615
26579
95459
31219
87898
86174
50489
61574
88681
48726
2891
43362
47654
54434
59741
7220
5699
39150
45898
13211
8759
84761
81796
39931
40123
57459
32756
39576
71507
21920
77123
10482
48569
15779
12349
76603
3936
72825
62146
98338
20990
2955
12315
74427
1152
7797
11564
17039
639
58415
59092
10453
72980
44882
48596
13464
76109
50655
1050
53059
76702
63190
20375
38253
24722
911
52741
26489
58650
95812
75866
45181
73231
59881
64289
