67827
51130
33788
2358
26703
3681
35780
93883
3078
61332
26471
99884
28571
90948
24819
84074
6550
15275
96776
92174
85234
17182
87476
35281
75851
86846
18442
31633
85847
40331
13733
49601
80196
96862
83896
79825
1474
97677
66349
63679
54953
31934
30757
47379
77136
78539
75274
68127
21212
29545
78074
14938
49733
99668
96324
45431
73439
36916
23699
34020
70375
19818
79906
71139
19850
55903
90386
61507
84930
6176
15905
40322
33640
4607
41490
16798
65209
92367
2978
32321
78980
21782
81529
52092
73273
13784
49643
10491
56038
35110
18946
90509
31697
67859
9440
78487
64335
4446
14255
89098
96412
84776
87689
55816
88777
77537
82470
88742
77781
93342
75190
19132
16904
86152
65790
47977
42383
90896
72569
56917
85563
43445
11419
12715
59275
67027
53831
19308
48368
37161
74926
96837
30511
27220
27754
29306
21250
10023
92462
96370
52189
16398
2782
86042
37705
92624
86018
12053
20742
94132
28588
57139
1211
6806
63327
14422
92923
80629
69378
21503
45092
29192
17268
64539
41761
41266
32030
54232
25499
51104
40672
72777
74075
86898
9596
1422
59444
38466
67417
17459
1436
28172
46360
49342
99263
27823
92547
90195
31075
87072
49326
3052
43836
59860
87143
95055
32261
13998
37570
3430
39582
5087
71212
30295
5883
75780
82704
65787
94564
74413
82674
7814
11029
2114
95207
71118
25326
17810
24115
64394
81011
90829
60215
54847
14424
55155
39196
20004
28285
15073
78730
96508
69322
3001
92992
5277
24994
82930
45815
62032
92499
94075
63594
12513
78761
20959
47376
56275
76651
20318
3055
87051
41786
13964
67669
74076
38258
41846
34224
79650
41150
3403
4721
49448
39126
35213
13481
1787
69316
84214
84587
16611
27947
11539
83653
93806
12657
97055
90307
41408
35567
76790
39943
54709
7443
85989
50496
15775
78567
23471
16139
2644
10606
15695
17953
59129
29294
89094
65058
14282
45974
84003
1943
23640
6411
26022
84882
44653
79894
20685
68375
23076
30902
18665
53717
53304
10941
66118
76437
35428
6968
92414
25598
23731
15596
4333
72711
60497
63010
60463
55110
99235
6929
91183
95189
4313
76319
82975
65967
3679
78729
65751
85666
60332
52595
47802
54198
14558
52261
39063
11755
56826
68679
36863
12871
47351
59236
88246
68609
28994
45398
6671
57202
29035
89275
3230
84382
2400
65693
4041
18188
80980
21966
56793
70900
7695
89083
54216
8495
42140
72616
63459
48775
13217
58131
43036
86154
72783
13798
93199
55571
17884
97398
12820
44797
16043
60736
68141
58387
93076
29495
19869
9565
14889
26981
45061
98390
53611
10388
97261
60419
37183
8396
16128
48390
27952
40974
31991
59056
70790
27460
59775
4581
37981
99411
31450
89380
41794
26036
88388
90182
18138
59215
29103
66169
52844
15564
7573
20882
81619
46750
69667
4554
4035
99522
2790
42866
41888
70752
33219
57418
48215
9038
11088
57065
21320
10957
96870
32018
22604
71798
5425
95105
6744
75240
19925
47770
45428
9472
6853
32311
57429
65014
61140
93084
19422
94402
29640
63607
71488
38117
42122
22279
68867
36054
39697
29114
45427
11648
4273
56668
96013
34706
90938
88622
14366
7568
72091
3133
96184
