31946
40606
86358
62315
2268
61151
9304
37256
70094
14858
56115
11239
84415
30930
87526
37251
47246
29292
58195
34812
51357
99955
51703
49779
67331
86744
34118
57614
21219
44544
80840
65616
63419
25555
82083
55814
78242
21491
4695
84646
14178
91671
4903
2686
5960
53164
50773
40602
53013
50159
57536
49190
8149
75517
85505
18515
86086
59194
47569
41313
69444
33676
25313
90230
74282
28066
58302
85568
61092
88080
94245
27164
78484
87453
88992
40214
73227
75710
27031
28654
69789
3220
26557
65534
75655
72258
60368
18751
74125
58718
54852
63033
48481
24826
40572
62477
65440
66612
16561
19036
49631
45965
44831
89362
86231
74939
17712
46652
99628
64694
36089
57652
11846
59298
34602
81468
58705
52680
75400
71535
27600
88617
35645
5404
18620
14964
73969
96233
56366
90756
68787
63572
44996
99788
72437
61726
90645
12460
36130
8234
22118
79812
66124
73491
39667
83386
10531
34423
6369
46500
41421
72277
24696
89284
54891
73857
10104
8651
37494
81330
4893
82964
75458
7124
92281
92239
42847
17901
74457
94291
13074
64807
34137
76606
62886
5557
17201
72180
90060
71039
49164
21861
5252
72484
8976
25831
83887
31402
71419
8511
21532
90773
77904
62294
55132
86848
59400
99199
82465
81775
56289
25314
89455
81720
60871
9125
42601
79498
17617
33378
34357
57771
87192
64383
60673
7170
12384
15886
15600
97618
61195
14280
81803
42230
26953
54485
37394
85976
93446
60963
64883
82667
42587
74535
82058
43712
65477
47711
96140
54248
40743
70481
92696
82279
49022
38274
38140
11916
8474
63300
31470
86690
37134
99568
7365
4650
42456
4050
73993
80706
75332
5786
14767
98158
26255
55419
71201
96715
6785
37758
46419
25851
91327
46208
96942
893
25688
60629
87820
68905
76481
96765
131
31670
22690
47984
45528
44962
94528
32216
83311
13398
95867
12697
84597
36838
36591
2364
36082
4475
55126
77158
25680
91585
23764
72788
21583
81583
63079
14845
86029
40084
8100
94727
94708
23184
77353
90172
26988
62406
2848
8729
54111
48822
48643
59954
79985
3372
28274
27817
90817
40744
3882
40571
65619
45772
95331
54996
42937
7069
78157
81651
91033
19731
19437
311
29848
10845
85300
7799
55726
3595
25716
98698
97463
87875
90371
64003
19086
8383
18303
43689
43531
96964
99247
7052
29715
84975
25810
65651
31251
94534
20535
61449
42127
56934
5074
2805
48026
98403
63873
60047
76795
70209
10451
19794
51889
87964
27545
61210
66636
48891
45791
72663
37529
84967
50470
89491
75097
10677
23052
29522
57657
55148
27072
97409
32900
78710
46953
37176
19408
25323
48181
49145
31363
33231
38615
71850
61673
48792
32077
94896
46115
98087
45472
38318
46718
15376
36951
68734
67578
54631
7951
40625
11177
48068
64863
87757
1521
78222
88728
45481
73658
67901
34082
12115
84040
98119
19090
77182
532
11305
23540
89513
50804
85622
14549
49001
90095
57480
8384
85155
56625
28112
32746
75683
87594
73639
68698
5078
91352
11072
72293
42888
31838
94409
44164
25881
26093
90369
40978
58159
67627
84794
94643
54850
31319
27539
79083
83986
54075
46227
86767
63571
72800
628
37199
22314
58192
55500
