6392
34095
89891
38042
80793
30781
59206
94692
72771
88166
14687
42763
39959
35924
95944
94288
70924
83812
28437
20639
44627
16490
84289
74254
12475
27207
46409
62299
37897
68449
524
68422
10864
215
94352
5793
93255
84487
59531
1831
85674
25487
77676
48263
88522
1785
13324
15950
42110
41406
45790
57812
67159
46776
96466
25850
80819
573
27134
57627
83881
67232
59078
16953
24695
92660
21012
28700
50593
5468
29843
14814
95513
79997
32117
751
79556
776
53936
41913
86746
39678
20656
88146
47991
44640
26155
92173
17275
51323
99457
37514
85146
55699
54285
67004
30184
13895
9990
45185
17082
1789
22377
21359
19477
42882
19855
70644
46806
47413
99643
54466
94572
40320
83374
4405
6162
12464
30956
77432
44887
36708
56686
27422
86521
54042
29948
4468
73897
19811
46775
78489
14268
37320
76938
99879
2426
70538
39337
78168
3669
88172
28666
89389
60217
94017
79026
96997
30114
84513
93684
42778
77526
17076
73909
73709
37752
60843
87642
90541
41616
64393
24965
92573
70126
88173
26270
4171
67887
50806
9890
73445
56097
84410
85214
29937
77863
86442
90930
76601
72071
82059
82330
77270
28482
43523
52565
27265
9958
79711
93105
40026
24571
86207
92501
63280
1022
86366
59091
52753
75839
67220
2162
70727
86134
46861
4089
12175
41868
31810
98311
84985
80094
22055
93820
46865
72715
17214
55332
7525
19879
78843
66597
4511
9351
81003
307
56034
42796
12207
42862
3887
23566
41817
65464
16326
2340
16805
52395
386
83489
404
59785
42686
93259
78683
22666
90202
795
18143
76941
94730
64580
15427
81307
12030
72455
89983
60291
37773
32354
33343
82388
69325
37210
72164
7410
81981
73555
99122
37174
6358
64228
66314
90827
5090
93260
42436
64091
10819
65765
64846
75759
15990
16632
8060
5943
3198
47485
62133
29445
40715
81989
66605
18446
75434
66741
13346
80886
35182
50012
10851
78107
72685
88101
50820
92040
59633
69431
3572
9016
74532
14224
24822
6947
12468
97235
88810
36664
1030
33982
56624
75221
95717
58461
47709
23679
63374
85574
2000
56631
62724
48524
75334
45101
30068
99774
92990
75117
64055
1495
35480
25284
73471
22274
15516
19343
21049
8885
90712
57778
25732
58507
85388
54638
65920
12215
27964
98262
61733
22774
1624
16046
36034
32347
17170
8027
73604
56472
10008
53071
21669
8156
24972
81540
45138
57588
4705
98154
43969
38181
26133
13304
91111
60989
31842
16678
14850
66020
72876
53398
10753
51915
63321
8707
54195
9344
20180
2904
32305
23244
87263
6663
77987
18979
28040
90222
92473
24578
38653
20315
46321
60230
58123
87885
69171
3424
55226
13386
58383
15160
44588
69074
30806
22744
62359
28724
80206
51409
2816
43110
57373
31505
57120
56331
65395
76420
70152
31369
47085
39645
54007
53328
9011
87786
68050
81353
39665
15393
86977
47912
31280
92585
63415
83754
71682
83765
39158
62761
96970
6731
86189
27211
20153
73516
56628
64426
32424
62601
27727
6292
30582
96369
54596
39748
56784
16916
12970
68524
69756
54576
27595
53274
21776
84471
71091
41949
93622
82116
34880
5845
23031
62125
38189
35835
78465
46038
12301
33793
95222
