66685
18599
79923
17510
76648
26417
99192
53824
66812
35741
51259
89697
92479
28783
28878
51017
61097
87636
90720
95021
35972
25215
90085
86742
87409
43593
17911
28398
33073
74615
43350
43995
43372
70142
10628
3739
26500
73265
85090
47123
75350
24199
49620
47564
32794
98452
95431
87782
62745
27424
49976
82125
69636
62827
73165
47640
52822
3962
11921
90447
58566
81212
34059
94180
85594
58978
65663
54238
42166
8140
6826
98604
92363
10560
77943
71948
51943
31031
74714
65878
69737
96567
32602
39159
63025
23046
60899
38030
77482
90224
91190
42234
81813
53576
76746
28226
83267
9430
92856
93380
47968
45857
13006
24280
67509
53813
14328
42630
28237
80357
64862
43592
54010
85914
54532
15062
54915
35140
13910
5201
68723
87118
11558
49201
48035
74877
24282
85083
26747
11691
45295
30664
50629
45874
14311
74259
26183
7399
78454
8335
95445
79438
94087
24396
73893
17451
68376
30643
57921
69066
96001
52022
37781
85641
79378
87485
65598
95129
85397
29094
71307
67442
75450
82533
19121
43838
94340
28023
28882
34050
64062
47389
77528
10685
79116
50339
36661
66393
16069
85378
7413
29243
50327
60993
64542
17600
26603
38943
26083
28127
45957
50136
16544
46759
32034
25791
25853
86585
33756
96391
75194
44246
81992
37031
40041
69348
79768
32278
78993
24254
54839
79326
11643
48319
69241
20074
24687
22400
7212
21130
18161
51795
14103
23112
94514
42779
34657
44419
36157
16471
81209
69423
60107
46449
24384
41504
45028
53735
15572
93183
93035
48894
73515
31588
42486
98273
48287
75936
31787
73755
70911
20037
48126
95199
28777
40053
85198
38909
82182
39379
138
28338
35740
32750
65992
82703
52918
3083
15803
57329
79291
55466
79049
47301
71524
10119
8519
37264
39111
43096
77343
44033
73024
84283
70816
45917
27897
87037
90454
21580
37189
15173
20430
18833
6659
41554
17112
98759
71601
65528
73225
92293
37451
66697
49833
13968
29267
88795
44187
17706
22011
35053
58055
89918
15461
61369
26110
18649
47595
31852
50531
71983
85525
44245
74091
14358
11309
46518
19476
33667
1332
57466
25593
81015
79067
63457
37367
77344
98216
484
47320
1029
959
38285
98767
23033
64151
380
68901
57617
83670
95223
97017
8605
28012
1714
83819
17297
98344
66715
57008
42107
22835
14467
22497
42168
85207
48933
22504
99690
89058
29039
88320
17955
81538
3769
34305
47892
15834
8803
76468
93823
51353
85942
86397
42454
90244
20763
5544
22137
67085
74041
76711
14711
41227
86584
41284
57226
48582
31611
76707
30652
13813
30331
67583
27503
67624
26269
79578
64185
91019
86759
70600
29605
11700
10273
83359
5973
71132
75263
14755
39537
94419
44349
72485
90389
17715
33034
40667
23298
97347
83211
95125
78755
2627
76758
3231
51284
94230
82244
77732
74574
67742
27393
74132
97148
65799
11589
99848
34205
27143
72225
622
31829
7771
63890
31205
18332
34114
75694
70559
95865
26921
2127
7681
40775
76144
87673
94578
49615
47496
31932
26966
36391
50955
23673
53823
19803
26088
14582
11765
12043
56580
22587
34313
23968
58052
21459
34920
95665
57308
64025
5102
30011
41957
84298
6990
84682
94626
99364
