9012
21973
1266
51987
29845
39890
84548
31084
63068
757
16414
39291
78863
59507
7730
5589
2842
49842
50887
8971
72499
61631
92541
53695
45037
57377
25724
22738
64412
13628
826
61535
72920
21806
11602
88064
98120
65768
96055
97894
22683
15903
27844
36093
61459
67603
76073
41538
63634
28822
41892
90703
74268
68846
52908
97895
68152
19367
14113
35985
61158
80567
98440
55248
99078
29338
69581
97818
65412
98600
77725
45079
66879
52876
43212
53275
49875
79281
47934
21196
96349
29540
46689
74647
68967
93590
4288
35131
1055
92887
16150
21511
24067
72464
69957
22473
96718
43213
70604
18484
79799
9538
19404
49132
60042
6957
68997
8430
89544
76974
5656
52853
53664
1174
19287
80584
31495
55575
16007
31081
28906
90311
9139
95475
67161
34578
75352
42369
43260
44168
21418
18975
97816
26339
99611
49137
13724
62774
9556
61234
20734
20888
77347
44731
96405
14829
28690
4653
34815
45658
84363
35130
23069
98011
58355
95361
54037
69505
86544
56267
11484
95033
3744
97641
25981
1348
16192
75972
99678
73481
5107
62545
10879
6438
21790
16413
95775
76837
72009
28529
15370
37811
5952
75635
65234
28503
27182
67884
47520
87748
89947
33315
49130
1895
59300
7529
67696
92357
22824
50908
68519
95934
67099
84404
38458
71149
20663
81662
15036
2652
54834
88129
17191
72543
72539
42908
22650
95278
27055
39499
50344
20024
74748
11175
92446
59989
65034
69432
16146
83293
51139
36880
20913
69455
4287
27986
53041
50172
30586
28122
79146
2255
74546
67652
97813
58217
89476
95203
88386
12825
96452
69104
19710
71664
86183
57038
65392
2823
43390
80033
59392
20395
19793
38300
99037
64419
91121
57849
69167
89959
5027
1822
90416
43759
31440
32457
41394
51143
35626
43800
73932
78126
74843
84833
76701
32710
41110
85394
71921
91332
10852
79958
3527
58790
84950
39320
39715
68193
37990
40828
34384
78941
39081
49542
43595
48237
42017
52300
28945
60081
60859
92039
88020
5705
73435
73063
78910
99607
81451
58742
7555
30721
17068
34718
10603
89023
34126
51733
62727
47247
96242
96190
23558
59898
50785
48365
43848
71400
39787
74433
14453
78523
2584
30683
7429
51532
53481
58492
67877
38156
14860
84461
42607
67259
22679
3014
2328
93830
22035
74053
31275
18557
33706
75971
37107
58523
40883
24131
60510
32726
69563
92740
64040
69200
41764
45345
63665
50069
17724
35241
67786
91513
79600
14257
2496
31801
30753
10641
48920
96583
93175
87377
65565
87464
90517
23507
28855
22739
47021
53627
93359
79440
69037
3144
2670
37238
66031
37608
15451
68318
39395
71755
98915
7765
79553
36357
51011
34929
82567
22872
66623
66899
81183
63006
23626
67709
74281
89800
61056
93338
81972
60450
92348
23518
37525
92391
13606
64140
18325
75868
20386
20533
71345
9748
33861
69903
11179
2991
18757
19331
89330
80323
87834
37403
22529
67764
62936
47788
99602
26753
70534
98598
68196
8899
96453
84174
33740
21957
96978
49372
61275
14161
95557
32972
81615
15884
29131
3221
52841
85363
11328
59810
81454
75603
79131
65520
65349
42347
88357
81631
50594
75771
3378
22857
5746
59041
97123
61760
45523
10953
