13023
56571
56306
61929
54843
78308
63408
19741
75840
28217
50572
83131
56452
75153
35803
60172
69732
36251
81910
4205
87790
34839
98268
59128
7750
5240
65414
54032
65939
50743
87747
2288
54608
42834
42816
53412
66410
97919
75215
45592
26643
57269
4241
89636
34840
4930
65149
66216
18532
79735
77840
27907
81452
44443
70893
85859
75678
29902
77365
95773
69206
8646
53200
20207
10154
14524
74472
98453
96246
20791
87224
23766
34717
83703
6520
22305
60305
72951
69731
24973
31036
15699
68577
37070
64201
67385
98615
36228
7844
18893
29553
3741
4029
94880
54266
61788
88698
46396
82802
6666
12827
49150
23892
40472
47333
4265
53029
80225
52554
24855
63091
43461
44342
90184
93298
99257
20974
12194
81170
37149
9829
24805
52793
10855
14244
29833
91461
13874
95630
45731
97184
62815
11771
30570
22919
27356
24325
2403
60471
67675
79104
7629
57524
55649
56636
39418
79707
92027
3888
2472
31563
97138
18560
75743
11636
38787
29712
7965
26123
8882
26332
30991
43153
19008
36450
92145
31430
42198
75037
86037
44592
35528
92618
94217
29515
47599
38918
80338
98418
52759
6462
77604
10781
18076
21262
8986
93306
48821
20553
91374
33166
81365
32250
76574
96928
15736
53090
38805
88603
21720
88976
46684
34005
59529
60328
14818
86702
39905
70547
6228
73703
77507
17317
90465
58751
91399
41690
11325
9592
76871
46462
84809
34451
92589
73232
43240
44464
32426
61211
65391
29214
29054
19996
5917
89856
66883
20096
98132
30889
67483
8294
8260
42052
3363
49866
3704
28852
98225
67944
10079
86604
62429
51084
96079
71648
34599
16786
87339
71473
93267
48044
47423
3668
21764
32983
20658
70286
75012
59227
38571
53671
24803
57906
13470
5117
55931
41719
34945
44842
69872
41055
10599
4010
55613
71561
38769
83216
14073
32083
22564
35200
44547
50291
23667
38567
49031
75373
4314
48945
92373
32169
45549
17099
89818
52366
70242
12639
61131
53666
84726
84744
12277
57231
76924
65887
76977
10123
10776
43003
85000
19885
56681
40926
88490
57830
32894
39737
78160
6203
58578
62607
35970
63661
80012
11038
12168
63211
64764
29696
74517
13392
85294
80703
39437
82866
68586
77705
7853
27311
55704
9206
44678
87860
42721
99258
64684
30741
16816
11117
81885
80652
98653
15792
25833
17734
39810
29301
91798
40858
68765
56662
75481
96949
86343
41466
21467
64634
98900
94279
88484
24773
43021
68972
71899
86399
83958
38221
61069
95077
62367
38807
90061
81556
84503
8872
69156
61957
60155
50018
66948
41464
82187
7509
70163
47198
73094
13824
63716
89928
98821
55706
85105
37567
94920
68637
96883
95170
47868
41022
41656
92576
46601
44581
93564
19995
60105
57553
27078
19284
15575
10457
38160
96459
57396
68505
69011
72368
94302
93040
69300
81350
17056
29364
51213
75811
31478
8162
90296
66041
84816
21878
52960
16824
65406
8954
59486
40165
27954
75985
22124
23025
5941
28408
6977
42629
66257
26716
20932
12188
97254
36339
28965
16275
94068
54913
95494
19175
89866
11467
36105
92243
7095
22224
38612
14192
83732
23547
44539
75675
79993
65728
29772
51305
3045
94611
53101
91203
13999
99613
10009
