7900
22253
32779
45841
20723
35067
48856
87842
44303
76220
74946
68923
45064
37544
468
67246
11799
24848
74269
46667
154
66655
36912
29087
10986
40646
67544
28779
88927
21541
29693
25146
75091
35629
93409
58499
69779
82509
72222
65165
84541
43462
44196
81294
73191
26738
70259
58825
88117
78052
39271
79769
61580
20970
95886
52681
61605
8518
13571
27349
91432
23607
51840
30267
35419
19538
7098
64637
955
82742
94248
68957
35403
34747
34806
11936
52888
46847
96053
25808
1100
16782
14174
14935
41746
29152
98477
27684
50562
12120
13542
97627
52923
51644
29256
3894
37369
93523
70685
85453
86559
14029
58156
92151
98548
90241
28800
13524
50248
97984
1129
3391
40353
34842
79283
99893
29409
56341
80333
97542
40524
59615
22596
10232
99409
80536
66851
44252
66195
18285
51577
69648
23750
90890
30101
18904
87669
44763
21530
96662
13106
76448
23125
49397
23761
93872
1708
96806
78641
30942
22183
24482
86978
71035
84637
60941
4111
12124
19634
84245
35238
33217
77104
16975
83456
56693
38516
38755
73453
64082
47135
96228
7478
50831
1833
99337
15305
87024
35622
63709
62845
49625
28262
12886
22128
41305
43028
63362
75300
25926
99663
39853
29674
17426
97555
70274
4616
85068
98977
14874
45215
77547
23620
61241
6053
34450
58417
86665
92743
25964
51650
20781
31556
44317
83933
6888
81239
20783
93738
13572
13395
75842
67726
17714
78156
65842
97376
5160
34838
45710
53079
4365
39795
98652
40463
89118
72232
3832
98644
88368
42072
25084
68178
84745
12348
3504
12147
42322
19827
34731
82213
41704
25725
8790
41877
15324
54799
85975
77854
42889
8667
45485
66339
69612
83095
72998
70994
16720
11217
76357
39900
72252
7108
36384
70941
70793
92406
39817
87775
93330
22166
94239
87407
31311
31027
79725
71048
85076
28977
57222
39342
95344
12532
45093
27999
94121
89643
27270
84078
25263
65700
93249
52264
5287
23
10611
56846
76168
41345
97081
74583
13547
13862
76526
3118
33444
10056
17876
86003
92335
38148
3521
9183
94356
59114
12518
90801
90299
90117
70176
50112
78681
8904
80295
61713
33509
90837
42773
33388
201
66927
49552
88807
42741
10390
38928
58836
92753
3971
67479
3040
56540
91900
14354
35169
4215
74378
75127
276
87385
74401
72120
12306
51181
84935
31545
89331
37591
82697
31394
47030
84001
98079
43127
23618
35579
34244
351
55986
26341
29910
22922
68575
58765
84966
25921
79264
78827
1165
11531
29155
12476
87908
12496
39284
27926
6130
68450
81623
447
60449
10252
67146
26662
48401
14109
68198
46868
54088
71103
84284
55990
87562
93547
80982
96461
56325
82285
8070
36096
84571
45747
23906
92476
93411
89880
23688
78011
85474
41361
85192
96535
66361
44673
7540
27853
95632
12806
65673
82812
71820
15199
47098
99006
50619
36529
80530
25270
16038
4483
27767
9879
40862
47525
77548
81276
31494
6557
47806
56400
35689
18372
47027
11436
19525
82391
84868
24217
19147
23928
43540
77562
19173
28865
96795
81774
88973
4231
33569
66815
14071
73524
55886
35049
64984
9042
84788
38692
55027
31261
39669
73076
88017
13509
53932
92767
36424
66287
24068
65251
