79187
45799
45272
1542
31168
97657
23534
63977
30148
20122
17402
15341
20761
96255
94102
95269
55023
27523
30016
28834
46343
94693
11181
46815
25321
91030
28258
50552
1776
65840
66151
86311
51072
17286
80451
47095
48981
78133
98576
33102
29617
94122
78946
73498
41293
74994
43597
90066
44426
88235
77232
28932
66248
58780
56127
24175
98809
37458
38670
42656
28294
4907
20477
71660
35214
25984
26719
89961
90525
50565
34069
20788
48326
84185
90064
24545
91745
81821
62266
17601
97159
21004
93664
33369
71136
91085
2716
96641
95046
41525
28773
55002
97778
30973
10982
9563
5706
43708
54378
13136
70182
84643
27112
82323
50408
65983
80201
93111
92347
15894
84770
42616
20057
14365
96062
21432
82836
89279
12913
51022
87082
78467
68458
67517
41067
35324
79925
79569
82167
3348
93233
45192
91945
42785
15665
97049
42424
92535
58033
39710
62507
52875
31542
72648
40127
6235
90873
98309
35132
47819
98439
90603
10133
81797
75365
69894
67706
44393
55227
63751
64112
74752
28067
45127
49835
65809
38338
36334
91474
45448
17622
19096
6361
4704
46416
81601
72007
20171
61787
38984
45681
27800
80892
82633
35791
96099
19350
28600
41209
80178
99514
64081
15300
76986
76435
30789
88877
14925
20866
46034
22407
63318
17335
91771
13659
14469
27110
8515
22163
90793
57104
97949
89774
78452
61099
3274
39636
76010
84869
72431
21905
43354
3342
11962
14032
28556
72933
62826
14086
30929
37832
41416
42055
95132
55701
92883
90613
13958
19259
45707
37487
1135
34329
58246
5608
62672
60625
43065
12786
57712
80494
82194
26466
159
81463
70527
83888
51749
28061
34557
95417
46691
50278
33896
9216
56611
80089
96101
74853
36280
220
78446
81443
85654
26288
65804
37009
49811
73833
42708
70378
251
88323
40573
83360
50436
26933
84075
63078
34048
68522
2617
49119
79186
86002
82673
53407
9759
9812
11063
65741
47786
94980
1853
73131
14190
99605
58603
46912
11455
81415
58539
12280
76361
52462
38966
45164
5843
24627
90570
78304
44279
32699
67843
12615
16350
21847
87000
43711
33316
51562
8345
54077
91736
92809
30418
21502
38654
76775
5145
7902
7883
46568
20241
77334
6286
58068
54204
6777
1277
37255
58244
98583
88933
47571
51627
43176
2536
14185
581
88727
1935
19078
75148
42567
10575
82031
6491
14903
24731
16772
28300
42314
39030
8952
77250
23567
8386
53645
14583
48023
88935
77313
74394
41532
37870
22920
92786
68874
93412
11686
22851
50585
60511
64050
89348
26465
38657
39721
49261
56199
37809
89400
54012
88124
50269
57472
7260
99349
11100
24157
17692
65045
54860
35225
45921
68504
93115
25633
31147
91447
98246
91981
48655
45478
62187
17828
36962
935
38051
89299
99581
36409
56817
36195
80547
47459
48118
52042
74838
36113
15624
47636
99425
74339
15908
28886
53803
89388
40043
91682
44475
1099
77366
77686
35295
97336
1414
11081
3625
86760
78613
57493
18286
98177
26111
33197
65856
74514
71616
3501
36782
56261
37731
52924
95746
28542
98016
72995
66058
91869
94690
67248
77888
57072
61895
95051
33837
70346
63939
62158
59355
88194
30982
84902
94408
24192
80582
8037
57923
