92574
50213
7916
95764
8250
67741
73137
97141
65090
61455
12742
28722
12533
76784
55890
98420
52318
57789
38985
3036
71903
99572
79113
82275
26290
13135
73251
41210
41531
23060
94622
68528
17483
58754
48376
72526
63369
21613
22331
28819
28791
91018
16607
6641
58325
48058
31221
21937
70147
30621
77298
31050
17959
41666
83256
80940
8227
77796
60322
74722
39574
76258
35828
62000
65904
33991
31020
9169
20304
20769
14796
80417
49211
36963
42810
86131
50096
3324
72521
93790
18495
42407
56765
4679
24941
46729
71779
3426
34623
36297
50041
26253
38436
94973
16642
7521
99104
9915
8015
12110
64806
61808
32811
24355
3594
64214
73075
73032
79664
39007
32500
34144
66009
92903
49974
60358
86248
81221
42215
61301
71728
52640
3748
60311
78572
11207
66699
48647
53048
4296
56627
22567
20290
85186
66882
26210
73593
7798
89316
14834
37288
14269
13951
9345
78955
66060
20169
29562
69535
53080
63743
38861
9567
29671
17416
63514
35801
61581
53895
25708
29972
16004
43787
53839
13555
82732
53303
48371
42218
41494
22160
45942
41921
30610
41213
76990
68477
67330
4251
85483
15049
76497
99375
92698
47107
24342
74454
88604
29531
89707
81103
10553
56475
63496
23800
71172
26172
29981
23132
69462
6684
99354
87975
66791
45737
25418
49525
78450
8016
20719
10905
4821
14151
80025
43257
38889
89471
59761
93252
86675
71022
39295
42131
52643
7441
42244
60260
15875
59520
18275
34027
40348
83668
37296
18882
18262
23716
42293
38887
60983
46103
33905
5402
14146
33047
91370
21647
59867
85743
17169
90129
55046
69522
52760
75319
11298
57013
84692
40336
59784
19905
22808
23291
48012
19418
83134
93477
30204
98490
18906
86163
37565
61729
9179
5965
71970
18538
9571
24121
8220
14950
7630
29033
78820
92554
9414
77595
26199
24411
66462
41557
70011
21859
50664
61374
92082
44121
58525
6875
31527
96908
98822
24090
74779
82774
31797
80702
30886
24228
73214
15790
98616
7058
51969
42051
86136
38078
65935
50412
85898
27290
43734
39122
70684
57215
48515
55047
86655
32593
87948
71867
22790
70341
89885
8189
13025
70628
77080
61931
72737
72391
48521
76950
43111
13400
84058
63955
93865
36199
52972
25407
90766
42626
41547
49308
99639
29258
48670
63843
38391
5381
21687
40679
17808
99439
53762
99582
59373
58270
91541
92204
77884
4168
43238
18277
82336
55715
53454
99377
24885
40342
92152
31361
8233
57507
92609
29933
45313
79762
25635
76302
51379
79530
19109
67319
17059
28649
91776
60559
58912
73685
2443
97781
34753
35209
23368
52468
29536
45756
13512
72320
88745
27594
89705
60849
86
87088
45049
40707
83977
76349
30713
70425
66198
78999
77572
21322
77323
89754
42681
78757
12938
10444
72234
27942
5360
96435
94877
18041
43040
38041
45461
55412
2346
69585
94140
33420
45977
42222
134
44810
47737
33636
35035
50498
74782
4488
156
60468
31224
14147
94631
70561
537
96787
59856
23685
20274
166
45651
26161
83627
79134
33124
85297
7841
3796
87387
35863
21092
91792
98185
13416
3676
30875
41017
86109
64431
95572
39542
23714
240
242
21371
3433
29863
9119
76531
29739
52906
